,face_X[10],face_X[234],face_X[152],face_X[454],face_Y[10],face_Y[234],face_Y[152],face_Y[454],face_Z[10],face_Z[234],face_Z[152],face_Z[454],body_X[11],body_X[12],body_X[13],body_X[14],body_X[15],body_X[16],body_X[17],body_X[18],body_X[19],body_X[20],body_X[21],body_X[22],body_Y[11],body_Y[12],body_Y[13],body_Y[14],body_Y[15],body_Y[16],body_Y[17],body_Y[18],body_Y[19],body_Y[20],body_Y[21],body_Y[22],body_Z[11],body_Z[12],body_Z[13],body_Z[14],body_Z[15],body_Z[16],body_Z[17],body_Z[18],body_Z[19],body_Z[20],body_Z[21],body_Z[22],R_WRIST_X,R_THUMB_CMC_X,R_THUMB_MCP_X,R_THUMB_IP_X,R_THUMB_TIP_X,R_INDEX_FINGER_MCP_X,R_INDEX_FINGER_PIP_X,R_INDEX_FINGER_DIP_X,R_INDEX_FINGER_TIP_X,R_MIDDLE_FINGER_MCP_X,R_MIDDLE_FINGER_PIP_X,R_MIDDLE_FINGER_DIP_X,R_MIDDLE_FINGER_TIP_X,R_RING_FINGER_MCP_X,R_RING_FINGER_PIP_X,R_RING_FINGER_DIP_X,R_RING_FINGER_TIP_X,R_PINKY_MCP_X,R_PINKY_PIP_X,R_PINKY_DIP_X,R_PINKY_TIP_X,R_WRIST_Y,R_THUMB_CMC_Y,R_THUMB_MCP_Y,R_THUMB_IP_Y,R_THUMB_TIP_Y,R_INDEX_FINGER_MCP_Y,R_INDEX_FINGER_PIP_Y,R_INDEX_FINGER_DIP,R_INDEX_FINGER_TIP,R_MIDDLE_FINGER_MCP,R_MIDDLE_FINGER_PIP_Y,R_MIDDLE_FINGER_DIP_Y,R_MIDDLE_FINGER_TIP_Y,R_RING_FINGER_MCP_Y,R_RING_FINGER_PIP_Y,R_RING_FINGER_DIP_Y,R_RING_FINGER_TIP_Y,R_PINKY_MCP_Y,R_PINKY_PIP_Y,R_PINKY_DIP_Y,R_PINKY_TIP_Y,R_WRIST_Z,R_THUMB_CMC_Z,R_THUMB_MCP_Z,R_THUMB_IP_Z,R_THUMB_TIP_Z,R_INDEX_FINGER_MCP_Z,R_INDEX_FINGER_PIP_Z,R_INDEX_FINGER_DIP_Z,R_INDEX_FINGER_TIP_Z,R_MIDDLE_FINGER_MCP_Z,R_MIDDLE_FINGER_PIP_Z,R_MIDDLE_FINGER_DIP_Z,R_MIDDLE_FINGER_TIP_Z,R_RING_FINGER_MCP_Z,R_RING_FINGER_PIP_Z,R_RING_FINGER_DIP_Z,R_RING_FINGER_TIP_Z,R_PINKY_MCP_Z,R_PINKY_PIP_Z,R_PINKY_DIP_Z,R_PINKY_TIP_Z,L_WRIST_X,L_THUMB_CMC_X,L_THUMB_MCP_X,L_THUMB_IP_X,L_THUMB_TIP_X,L_INDEX_FINGER_MCP_X,L_INDEX_FINGER_PIP_X,L_INDEX_FINGER_DIP_X,L_INDEX_FINGER_TIP_X,L_MIDDLE_FINGER_MCP_X,L_MIDDLE_FINGER_PIP_X,L_MIDDLE_FINGER_DIP_X,L_MIDDLE_FINGER_TIP_X,L_RING_FINGER_MCP_X,L_RING_FINGER_PIP_X,L_RING_FINGER_DIP_X,L_RING_FINGER_TIP_X,L_PINKY_MCP_X,L_PINKY_PIP_X,L_PINKY_DIP_X,L_PINKY_TIP_X,L_WRIST_Y,L_THUMB_CMC_Y,L_THUMB_MCP_Y,L_THUMB_IP_Y,L_THUMB_TIP_Y,L_INDEX_FINGER_MCP_Y,L_INDEX_FINGER_PIP_Y,L_INDEX_FINGER_DIP,L_INDEX_FINGER_TIP,L_MIDDLE_FINGER_MCP,L_MIDDLE_FINGER_PIP_Y,L_MIDDLE_FINGER_DIP_Y,L_MIDDLE_FINGER_TIP_Y,L_RING_FINGER_MCP_Y,L_RING_FINGER_PIP_Y,L_RING_FINGER_DIP_Y,L_RING_FINGER_TIP_Y,L_PINKY_MCP_Y,L_PINKY_PIP_Y,L_PINKY_DIP_Y,L_PINKY_TIP_Y,L_WRIST_Z,L_THUMB_CMC_Z,L_THUMB_MCP_Z,L_THUMB_IP_Z,L_THUMB_TIP_Z,L_INDEX_FINGER_MCP_Z,L_INDEX_FINGER_PIP_Z,L_INDEX_FINGER_DIP_Z,L_INDEX_FINGER_TIP_Z,L_MIDDLE_FINGER_MCP_Z,L_MIDDLE_FINGER_PIP_Z,L_MIDDLE_FINGER_DIP_Z,L_MIDDLE_FINGER_TIP_Z,L_RING_FINGER_MCP_Z,L_RING_FINGER_PIP_Z,L_RING_FINGER_DIP_Z,L_RING_FINGER_TIP_Z,L_PINKY_MCP_Z,L_PINKY_PIP_Z,L_PINKY_DIP_Z,L_PINKY_TIP_Z
0,0.00010973215103149414,-0.06749072670936584,0.0,0.5596818923950195,-0.2961009442806244,-0.1660853624343872,0.0,0.264024555683136,-0.007054933696053922,0.05425484955776483,0.0,0.058335039764642715,0.6463843584060669,0.36404675245285034,0.7128698229789734,0.30724403262138367,0.6727136969566345,0.33308207988739014,0.6697748303413391,0.3365074694156647,0.6490512490272522,0.3552296459674835,0.643164873123169,0.36011451482772827,0.5335996747016907,0.5251148343086243,0.8892781734466553,0.8731295466423035,1.1704819202423096,1.1324398517608643,1.2722996473312378,1.2576141357421875,1.2408558130264282,1.228556752204895,1.2011728286743164,1.1909599304199219,-0.3982691168785095,-0.3705066740512848,-0.27735015749931335,-0.21202881634235382,-0.5402747988700867,-0.5280287861824036,-0.6250444054603577,-0.620316743850708,-0.6938429474830627,-0.697749674320221,-0.5759379267692566,-0.5670872330665588,0.0,0.0,0.0,0.0,0.0,0.0,0.0,0.0,0.0,0.0,0.0,0.0,0.0,0.0,0.0,0.0,0.0,0.0,0.0,0.0,0.0,0.0,0.0,0.0,0.0,0.0,0.0,0.0,0.0,0.0,0.0,0.0,0.0,0.0,0.0,0.0,0.0,0.0,0.0,0.0,0.0,0.0,0.0,0.0,0.0,0.0,0.0,0.0,0.0,0.0,0.0,0.0,0.0,0.0,0.0,0.0,0.0,0.0,0.0,0.0,0.0,0.0,0.0,0.0,0.0,0.0,0.0,0.0,0.0,0.0,0.0,0.0,0.0,0.0,0.0,0.0,0.0,0.0,0.0,0.0,0.0,0.0,0.0,0.0,0.0,0.0,0.0,0.0,0.0,0.0,0.0,0.0,0.0,0.0,0.0,0.0,0.0,0.0,0.0,0.0,0.0,0.0,0.0,0.0,0.0,0.0,0.0,0.0,0.0,0.0,0.0,0.0,0.0,0.0,0.0,0.0,0.0,0.0,0.0,0.0,0.0,0.0,0.0,0.0,0.0,0.0
1,-6.744265556335449e-05,-0.0685625672340393,0.0,0.5591202974319458,-0.29650816321372986,-0.16534945368766785,0.0,0.2636532485485077,-0.005857060517882928,0.0544250757957343,0.0,0.05948598310351372,0.64643394947052,0.3640461564064026,0.7113853096961975,0.3072435259819031,0.6693353056907654,0.34263816475868225,0.6599488854408264,0.3577655553817749,0.6420407891273499,0.37713927030563354,0.6371272802352905,0.3776828348636627,0.5338442921638489,0.5218225717544556,0.8897051811218262,0.8678723573684692,1.1482467651367188,1.110939383506775,1.2680448293685913,1.2245614528656006,1.2356867790222168,1.1892622709274292,1.1954807043075562,1.1519217491149902,-0.3914662301540375,-0.4094487726688385,-0.24233673512935638,-0.23870645463466644,-0.503772497177124,-0.5214323997497559,-0.5791959166526794,-0.606601357460022,-0.6517682671546936,-0.673831582069397,-0.540444016456604,-0.5541772246360779,0.0,0.0,0.0,0.0,0.0,0.0,0.0,0.0,0.0,0.0,0.0,0.0,0.0,0.0,0.0,0.0,0.0,0.0,0.0,0.0,0.0,0.0,0.0,0.0,0.0,0.0,0.0,0.0,0.0,0.0,0.0,0.0,0.0,0.0,0.0,0.0,0.0,0.0,0.0,0.0,0.0,0.0,0.0,0.0,0.0,0.0,0.0,0.0,0.0,0.0,0.0,0.0,0.0,0.0,0.0,0.0,0.0,0.0,0.0,0.0,0.0,0.0,0.0,0.0,0.0,0.0,0.0,0.0,0.0,0.0,0.0,0.0,0.0,0.0,0.0,0.0,0.0,0.0,0.0,0.0,0.0,0.0,0.0,0.0,0.0,0.0,0.0,0.0,0.0,0.0,0.0,0.0,0.0,0.0,0.0,0.0,0.0,0.0,0.0,0.0,0.0,0.0,0.0,0.0,0.0,0.0,0.0,0.0,0.0,0.0,0.0,0.0,0.0,0.0,0.0,0.0,0.0,0.0,0.0,0.0,0.0,0.0,0.0,0.0,0.0,0.0
2,0.0002543926239013672,-0.06876775622367859,0.0,0.5594176054000854,-0.2982500344514847,-0.16724181175231934,0.0,0.26395297050476074,-0.006671314884442836,0.053488678007852286,0.0,0.05982762575149536,0.646419882774353,0.364023894071579,0.7096407413482666,0.3072492480278015,0.6663990616798401,0.3464832603931427,0.6535342931747437,0.36355894804000854,0.6366239786148071,0.3822060823440552,0.6322028040885925,0.38234174251556396,0.5339358448982239,0.5193851590156555,0.8899007439613342,0.8645683526992798,1.1365371942520142,1.1022398471832275,1.26166832447052,1.2124441862106323,1.2284551858901978,1.176756739616394,1.1880422830581665,1.1393851041793823,-0.39134037494659424,-0.4219141900539398,-0.24013842642307281,-0.24276593327522278,-0.5031254291534424,-0.5033611059188843,-0.5782104134559631,-0.5834039449691772,-0.6509363651275635,-0.6486470103263855,-0.539824366569519,-0.533494234085083,0.0,0.0,0.0,0.0,0.0,0.0,0.0,0.0,0.0,0.0,0.0,0.0,0.0,0.0,0.0,0.0,0.0,0.0,0.0,0.0,0.0,0.0,0.0,0.0,0.0,0.0,0.0,0.0,0.0,0.0,0.0,0.0,0.0,0.0,0.0,0.0,0.0,0.0,0.0,0.0,0.0,0.0,0.0,0.0,0.0,0.0,0.0,0.0,0.0,0.0,0.0,0.0,0.0,0.0,0.0,0.0,0.0,0.0,0.0,0.0,0.0,0.0,0.0,0.0,0.0,0.0,0.0,0.0,0.0,0.0,0.0,0.0,0.0,0.0,0.0,0.0,0.0,0.0,0.0,0.0,0.0,0.0,0.0,0.0,0.0,0.0,0.0,0.0,0.0,0.0,0.0,0.0,0.0,0.0,0.0,0.0,0.0,0.0,0.0,0.0,0.0,0.0,0.0,0.0,0.0,0.0,0.0,0.0,0.0,0.0,0.0,0.0,0.0,0.0,0.0,0.0,0.0,0.0,0.0,0.0,0.0,0.0,0.0,0.0,0.0,0.0
3,7.510185241699219e-06,-0.06897148489952087,0.0,0.5608590841293335,-0.29718200862407684,-0.1674269139766693,0.0,0.264129638671875,-0.00861073355190456,0.053762407740578055,0.0,0.05940154194831848,0.646291971206665,0.3640289902687073,0.7077563405036926,0.3072275221347809,0.6656844615936279,0.3462977111339569,0.6524438261985779,0.36153194308280945,0.635823130607605,0.3802839517593384,0.6313186883926392,0.3811097741127014,0.5340428352355957,0.5174100399017334,0.8900796175003052,0.8626112937927246,1.1306461095809937,1.1014883518218994,1.2582054138183594,1.2151392698287964,1.225075125694275,1.1806495189666748,1.184827208518982,1.1431472301483154,-0.3865615129470825,-0.42248693108558655,-0.231597438454628,-0.25108855962753296,-0.49386292695999146,-0.5057013630867004,-0.5675753951072693,-0.5871403217315674,-0.6404625773429871,-0.6575037240982056,-0.5306614637374878,-0.5361282229423523,0.0,0.0,0.0,0.0,0.0,0.0,0.0,0.0,0.0,0.0,0.0,0.0,0.0,0.0,0.0,0.0,0.0,0.0,0.0,0.0,0.0,0.0,0.0,0.0,0.0,0.0,0.0,0.0,0.0,0.0,0.0,0.0,0.0,0.0,0.0,0.0,0.0,0.0,0.0,0.0,0.0,0.0,0.0,0.0,0.0,0.0,0.0,0.0,0.0,0.0,0.0,0.0,0.0,0.0,0.0,0.0,0.0,0.0,0.0,0.0,0.0,0.0,0.0,0.0,0.0,0.0,0.0,0.0,0.0,0.0,0.0,0.0,0.0,0.0,0.0,0.0,0.0,0.0,0.0,0.0,0.0,0.0,0.0,0.0,0.0,0.0,0.0,0.0,0.0,0.0,0.0,0.0,0.0,0.0,0.0,0.0,0.0,0.0,0.0,0.0,0.0,0.0,0.0,0.0,0.0,0.0,0.0,0.0,0.0,0.0,0.0,0.0,0.0,0.0,0.0,0.0,0.0,0.0,0.0,0.0,0.0,0.0,0.0,0.0,0.0,0.0
4,0.002778351306915283,-0.06733158230781555,0.0,0.5597122311592102,-0.2951333522796631,-0.16920879483222961,0.0,0.26585522294044495,-0.011220438405871391,0.0509506962262094,0.0,0.058856185525655746,0.6460254192352295,0.36379340291023254,0.7065495848655701,0.3072327673435211,0.6654081344604492,0.3462491035461426,0.6517490148544312,0.3598933219909668,0.6354199647903442,0.37853527069091797,0.6308003067970276,0.37988537549972534,0.5341434478759766,0.5170983672142029,0.8906701803207397,0.8629573583602905,1.130873203277588,1.1030645370483398,1.256978154182434,1.2170764207839966,1.2238972187042236,1.1811068058013916,1.183790683746338,1.1439948081970215,-0.38695141673088074,-0.42564478516578674,-0.23597396910190582,-0.25178033113479614,-0.499507337808609,-0.507895290851593,-0.5762431621551514,-0.5912954807281494,-0.6480483412742615,-0.6621204614639282,-0.5358197689056396,-0.5399461388587952,0.0,0.0,0.0,0.0,0.0,0.0,0.0,0.0,0.0,0.0,0.0,0.0,0.0,0.0,0.0,0.0,0.0,0.0,0.0,0.0,0.0,0.0,0.0,0.0,0.0,0.0,0.0,0.0,0.0,0.0,0.0,0.0,0.0,0.0,0.0,0.0,0.0,0.0,0.0,0.0,0.0,0.0,0.0,0.0,0.0,0.0,0.0,0.0,0.0,0.0,0.0,0.0,0.0,0.0,0.0,0.0,0.0,0.0,0.0,0.0,0.0,0.0,0.0,0.0,0.0,0.0,0.0,0.0,0.0,0.0,0.0,0.0,0.0,0.0,0.0,0.0,0.0,0.0,0.0,0.0,0.0,0.0,0.0,0.0,0.0,0.0,0.0,0.0,0.0,0.0,0.0,0.0,0.0,0.0,0.0,0.0,0.0,0.0,0.0,0.0,0.0,0.0,0.0,0.0,0.0,0.0,0.0,0.0,0.0,0.0,0.0,0.0,0.0,0.0,0.0,0.0,0.0,0.0,0.0,0.0,0.0,0.0,0.0,0.0,0.0,0.0
5,0.002009570598602295,-0.06600639224052429,0.0,0.5611377954483032,-0.30003394186496735,-0.17234179377555847,0.0,0.26093629002571106,-0.01223132386803627,0.050094982609152794,0.0,0.05679088458418846,0.6460533142089844,0.36342015862464905,0.7053461074829102,0.3072514533996582,0.6646280884742737,0.34589579701423645,0.6506174206733704,0.358864426612854,0.6348360776901245,0.3776929974555969,0.6302087306976318,0.37923702597618103,0.5354520082473755,0.5171219706535339,0.8916469812393188,0.8653658032417297,1.1328057050704956,1.1059579849243164,1.2570276260375977,1.223432183265686,1.2239601612091064,1.1861474514007568,1.1839872598648071,1.1481406688690186,-0.3907662332057953,-0.43360182642936707,-0.23829445242881775,-0.24942946434020996,-0.5032451748847961,-0.4899583160877228,-0.5802118182182312,-0.5698679685592651,-0.6511295437812805,-0.6397599577903748,-0.5395534038543701,-0.522214949131012,0.0,0.0,0.0,0.0,0.0,0.0,0.0,0.0,0.0,0.0,0.0,0.0,0.0,0.0,0.0,0.0,0.0,0.0,0.0,0.0,0.0,0.0,0.0,0.0,0.0,0.0,0.0,0.0,0.0,0.0,0.0,0.0,0.0,0.0,0.0,0.0,0.0,0.0,0.0,0.0,0.0,0.0,0.0,0.0,0.0,0.0,0.0,0.0,0.0,0.0,0.0,0.0,0.0,0.0,0.0,0.0,0.0,0.0,0.0,0.0,0.0,0.0,0.0,0.0,0.0,0.0,0.0,0.0,0.0,0.0,0.0,0.0,0.0,0.0,0.0,0.0,0.0,0.0,0.0,0.0,0.0,0.0,0.0,0.0,0.0,0.0,0.0,0.0,0.0,0.0,0.0,0.0,0.0,0.0,0.0,0.0,0.0,0.0,0.0,0.0,0.0,0.0,0.0,0.0,0.0,0.0,0.0,0.0,0.0,0.0,0.0,0.0,0.0,0.0,0.0,0.0,0.0,0.0,0.0,0.0,0.0,0.0,0.0,0.0,0.0,0.0
6,0.001448512077331543,-0.06746402382850647,0.0,0.5614821910858154,-0.3067121207714081,-0.17833834886550903,0.0,0.25768569111824036,-0.01373044541105628,0.04719970561563969,0.0,0.05788553133606911,0.6460469365119934,0.3633705973625183,0.7051588296890259,0.3071422278881073,0.6614598035812378,0.3488658666610718,0.6406533122062683,0.3645997941493988,0.624433159828186,0.38306111097335815,0.6213063597679138,0.3833566904067993,0.5368201732635498,0.5169536471366882,0.8917208313941956,0.8653883337974548,1.130066156387329,1.1005810499191284,1.2495558261871338,1.2099179029464722,1.2151451110839844,1.1724902391433716,1.1760908365249634,1.1353261470794678,-0.38647058606147766,-0.4271396994590759,-0.23800325393676758,-0.24381445348262787,-0.5035629868507385,-0.4651985168457031,-0.5801769495010376,-0.5432950854301453,-0.6493561267852783,-0.6071617007255554,-0.539201021194458,-0.4942995309829712,0.0,0.0,0.0,0.0,0.0,0.0,0.0,0.0,0.0,0.0,0.0,0.0,0.0,0.0,0.0,0.0,0.0,0.0,0.0,0.0,0.0,0.0,0.0,0.0,0.0,0.0,0.0,0.0,0.0,0.0,0.0,0.0,0.0,0.0,0.0,0.0,0.0,0.0,0.0,0.0,0.0,0.0,0.0,0.0,0.0,0.0,0.0,0.0,0.0,0.0,0.0,0.0,0.0,0.0,0.0,0.0,0.0,0.0,0.0,0.0,0.0,0.0,0.0,0.0,0.0,0.0,0.0,0.0,0.0,0.0,0.0,0.0,0.0,0.0,0.0,0.0,0.0,0.0,0.0,0.0,0.0,0.0,0.0,0.0,0.0,0.0,0.0,0.0,0.0,0.0,0.0,0.0,0.0,0.0,0.0,0.0,0.0,0.0,0.0,0.0,0.0,0.0,0.0,0.0,0.0,0.0,0.0,0.0,0.0,0.0,0.0,0.0,0.0,0.0,0.0,0.0,0.0,0.0,0.0,0.0,0.0,0.0,0.0,0.0,0.0,0.0
7,0.0049371421337127686,-0.06629860401153564,0.0,0.5595173835754395,-0.31464189291000366,-0.18422836065292358,0.0,0.2578775882720947,-0.007710228208452463,0.04721828131005168,0.0,0.058033403009176254,0.6459798216819763,0.3634142279624939,0.7073940634727478,0.3049837350845337,0.6536105275154114,0.35746437311172485,0.6368842720985413,0.3820381760597229,0.6159336566925049,0.401720255613327,0.6164323687553406,0.3981936573982239,0.5376714468002319,0.516716480255127,0.8917307257652283,0.8631717562675476,1.1103624105453491,1.0922383069992065,1.1804136037826538,1.1858046054840088,1.144741415977478,1.1449260711669922,1.0972673892974854,1.1087008714675903,-0.34811750054359436,-0.37732380628585815,-0.2275381088256836,-0.1708059012889862,-0.5123932361602783,-0.37708279490470886,-0.5944166779518127,-0.45029130578041077,-0.6527155637741089,-0.5061870217323303,-0.5439225435256958,-0.4008989930152893,0.0,0.0,0.0,0.0,0.0,0.0,0.0,0.0,0.0,0.0,0.0,0.0,0.0,0.0,0.0,0.0,0.0,0.0,0.0,0.0,0.0,0.0,0.0,0.0,0.0,0.0,0.0,0.0,0.0,0.0,0.0,0.0,0.0,0.0,0.0,0.0,0.0,0.0,0.0,0.0,0.0,0.0,0.0,0.0,0.0,0.0,0.0,0.0,0.0,0.0,0.0,0.0,0.0,0.0,0.0,0.0,0.0,0.0,0.0,0.0,0.0,0.0,0.0,0.0,0.0,0.0,0.0,0.0,0.0,0.0,0.0,0.0,0.0,0.0,0.0,0.0,0.0,0.0,0.0,0.0,0.0,0.0,0.0,0.0,0.0,0.0,0.0,0.0,0.0,0.0,0.0,0.0,0.0,0.0,0.0,0.0,0.0,0.0,0.0,0.0,0.0,0.0,0.0,0.0,0.0,0.0,0.0,0.0,0.0,0.0,0.0,0.0,0.0,0.0,0.0,0.0,0.0,0.0,0.0,0.0,0.0,0.0,0.0,0.0,0.0,0.0
8,0.004922151565551758,-0.06659507751464844,0.0,0.5608206391334534,-0.3194185942411423,-0.18849146366119385,0.0,0.2573797404766083,-0.009938249364495277,0.04634682880714536,0.0,0.05782489478588104,0.6437238454818726,0.3636285662651062,0.7111843824386597,0.30211612582206726,0.6511096358299255,0.3610859513282776,0.6343197226524353,0.37940868735313416,0.6060743927955627,0.4030473828315735,0.6085760593414307,0.39963653683662415,0.5375952124595642,0.5161415934562683,0.891215980052948,0.8637142777442932,1.0430837869644165,1.0516183376312256,1.1108849048614502,1.1219699382781982,1.075021743774414,1.091616153717041,1.0383819341659546,1.0567855834960938,-0.10461992770433426,-0.1415480077266693,-0.11987057328224182,-0.1210356056690216,-0.5231088995933533,-0.47572794556617737,-0.6332880854606628,-0.5884110927581787,-0.6684038043022156,-0.6291754245758057,-0.5486257672309875,-0.49634629487991333,0.0,0.0,0.0,0.0,0.0,0.0,0.0,0.0,0.0,0.0,0.0,0.0,0.0,0.0,0.0,0.0,0.0,0.0,0.0,0.0,0.0,0.0,0.0,0.0,0.0,0.0,0.0,0.0,0.0,0.0,0.0,0.0,0.0,0.0,0.0,0.0,0.0,0.0,0.0,0.0,0.0,0.0,0.0,0.0,0.0,0.0,0.0,0.0,0.0,0.0,0.0,0.0,0.0,0.0,0.0,0.0,0.0,0.0,0.0,0.0,0.0,0.0,0.0,0.0,0.0,0.0,0.0,0.0,0.0,0.0,0.0,0.0,0.0,0.0,0.0,0.0,0.0,0.0,0.0,0.0,0.0,0.0,0.0,0.0,0.0,0.0,0.0,0.0,0.0,0.0,0.0,0.0,0.0,0.0,0.0,0.0,0.0,0.0,0.0,0.0,0.0,0.0,0.0,0.0,0.0,0.0,0.0,0.0,0.0,0.0,0.0,0.0,0.0,0.0,0.0,0.0,0.0,0.0,0.0,0.0,0.0,0.0,0.0,0.0,0.0,0.0
9,0.005539506673812866,-0.0659559965133667,0.0,0.5614227652549744,-0.3226747065782547,-0.18961194157600403,0.0,0.2576119601726532,-0.008842719485983253,0.047306815162301064,0.0,0.058208074420690536,0.6418970823287964,0.36362582445144653,0.7209463119506836,0.2976208031177521,0.6210386753082275,0.39581719040870667,0.5865052342414856,0.4209757149219513,0.5644708871841431,0.44560709595680237,0.5713319778442383,0.4345594346523285,0.5364547967910767,0.5161566138267517,0.8986483216285706,0.879899799823761,0.9862731099128723,1.0217816829681396,1.0206654071807861,1.1038473844528198,0.9892413020133972,1.0421969890594482,0.9703173637390137,1.0150476694107056,-0.1144041195511818,-0.22732381522655487,-0.26820462942123413,-0.38006269931793213,-0.8454129695892334,-0.8816279768943787,-0.978894054889679,-1.0113837718963623,-0.9805225729942322,-1.0341475009918213,-0.8614795207977295,-0.898364782333374,0.0,0.0,0.0,0.0,0.0,0.0,0.0,0.0,0.0,0.0,0.0,0.0,0.0,0.0,0.0,0.0,0.0,0.0,0.0,0.0,0.0,0.0,0.0,0.0,0.0,0.0,0.0,0.0,0.0,0.0,0.0,0.0,0.0,0.0,0.0,0.0,0.0,0.0,0.0,0.0,0.0,0.0,0.0,0.0,0.0,0.0,0.0,0.0,0.0,0.0,0.0,0.0,0.0,0.0,0.0,0.0,0.0,0.0,0.0,0.0,0.0,0.0,0.0,0.6333227157592773,0.5932220220565796,0.553683876991272,0.5258826613426208,0.5032966136932373,0.5471833348274231,0.5189236402511597,0.49968594312667847,0.4857802391052246,0.5582543611526489,0.5302376747131348,0.5103192329406738,0.4944157898426056,0.569767415523529,0.5431586503982544,0.526262640953064,0.5135531425476074,0.5816996097564697,0.5605458617210388,0.546432375907898,0.5361263155937195,0.9332096576690674,0.9207927584648132,0.9381974339485168,0.9584260582923889,0.9591448307037354,0.9654297232627869,1.0123155117034912,1.0477466583251953,1.0757973194122314,0.9859459400177002,1.0320806503295898,1.0666077136993408,1.0964603424072266,1.0033537149429321,1.0461864471435547,1.0756734609603882,1.1004680395126343,1.0169113874435425,1.0541750192642212,1.077747106552124,1.098713755607605,-9.030223679928895e-09,-0.0037490169052034616,-0.00877666100859642,-0.01409302931278944,-0.02017623744904995,-0.00988595187664032,-0.02121919021010399,-0.030569231137633324,-0.03664681315422058,-0.01296662725508213,-0.02166936919093132,-0.028282560408115387,-0.03332578390836716,-0.016103098168969154,-0.022911613807082176,-0.022948401048779488,-0.023008402436971664,-0.01965131238102913,-0.02418827824294567,-0.021932320669293404,-0.019803732633590698
10,0.005241751670837402,-0.06570771336555481,0.0,0.5620671510696411,-0.32421791553497314,-0.19030466675758362,0.0,0.2576294541358948,-0.008091503288596869,0.048032998107373714,0.0,0.05746384710073471,0.6392270922660828,0.36439815163612366,0.7297003865242004,0.2950536906719208,0.6070324182510376,0.41202452778816223,0.5652727484703064,0.4409622251987457,0.5430048704147339,0.46656736731529236,0.547590434551239,0.45622798800468445,0.5290381908416748,0.5129033327102661,0.8985546827316284,0.8815333247184753,0.8869958519935608,0.9559076428413391,0.9184838533401489,1.0161784887313843,0.8871143460273743,0.9768526554107666,0.8713781237602234,0.9562487602233887,-0.12755800783634186,-0.25778472423553467,-0.3387114703655243,-0.5165581703186035,-0.9784748554229736,-1.1270501613616943,-1.1169413328170776,-1.2619127035140991,-1.1064547300338745,-1.2658905982971191,-0.9869263172149658,-1.135826826095581,0.38141873478889465,0.4177599549293518,0.4516949951648712,0.47306644916534424,0.49077099561691284,0.4630969166755676,0.4769170880317688,0.47408121824264526,0.4705395996570587,0.4431198239326477,0.45396268367767334,0.45223578810691833,0.4499431252479553,0.4183831214904785,0.42804938554763794,0.42792168259620667,0.42703306674957275,0.39275285601615906,0.39932921528816223,0.39874139428138733,0.39780887961387634,0.8900521993637085,0.8985357284545898,0.9396601319313049,0.9685345888137817,0.9775672554969788,0.9708300828933716,1.0450173616409302,1.081787109375,1.1018130779266357,0.9812250733375549,1.0604673624038696,1.0891684293746948,1.1032789945602417,0.9886568784713745,1.0638643503189087,1.0908823013305664,1.1044870615005493,0.9928712844848633,1.0542254447937012,1.0818957090377808,1.0978119373321533,1.1038199687618544e-07,-0.00024152087280526757,-0.006792327854782343,-0.01389954425394535,-0.021078282967209816,-0.01846267096698284,-0.03058762475848198,-0.03776048496365547,-0.041770339012145996,-0.024773601442575455,-0.032254695892333984,-0.03400023654103279,-0.036236174404621124,-0.030479950830340385,-0.0364399291574955,-0.03326177969574928,-0.03182200342416763,-0.03602774068713188,-0.03918212279677391,-0.03511284291744232,-0.03232475370168686,0.6158432364463806,0.5833994746208191,0.5400980114936829,0.5131111741065979,0.4965552091598511,0.5076412558555603,0.4972785711288452,0.509520947933197,0.5203870534896851,0.5206481218338013,0.5075600147247314,0.5183918476104736,0.5314765572547913,0.5391578674316406,0.5257248878479004,0.5356091260910034,0.5474497079849243,0.560332715511322,0.5497158765792847,0.5579378604888916,0.5664033889770508,0.860787570476532,0.8122782707214355,0.8048571348190308,0.8231045603752136,0.8226338028907776,0.8563492894172668,0.8758694529533386,0.8735530376434326,0.8644188642501831,0.8990480899810791,0.9268155097961426,0.9197331666946411,0.9050406217575073,0.93250572681427,0.9604059457778931,0.9495387077331543,0.9341431260108948,0.9554749131202698,0.9734153747558594,0.9604189395904541,0.946392297744751,-1.3145861998964392e-07,-0.0021724365651607513,-0.00372098246589303,-0.0056631132028996944,-0.007635018322616816,-0.00227956916205585,-0.008922265842556953,-0.01593935117125511,-0.02080196514725685,-0.004919961094856262,-0.010006727650761604,-0.013532998040318489,-0.016031229868531227,-0.007792455144226551,-0.013935919851064682,-0.013209309428930283,-0.012229074724018574,-0.010589687153697014,-0.015312529169023037,-0.01238519512116909,-0.008964371867477894
11,0.0054152607917785645,-0.0655728280544281,0.0,0.5618199110031128,-0.32510416209697723,-0.19149348139762878,0.0,0.2567644417285919,-0.010534367058426142,0.04653184022754431,0.0,0.057252272963523865,0.6371575593948364,0.365870863199234,0.7341499328613281,0.29135650396347046,0.5941635966300964,0.40972232818603516,0.5495534539222717,0.43870165944099426,0.5313917398452759,0.467652827501297,0.5387768149375916,0.4640277624130249,0.5222851037979126,0.5098753571510315,0.8987200856208801,0.8820424675941467,0.7991014122962952,0.8574214577674866,0.8168300986289978,0.9373745322227478,0.7802987694740295,0.9160398840904236,0.7727456092834473,0.8914112448692322,-0.08211494982242584,-0.15418121218681335,-0.36024752259254456,-0.43061554431915283,-1.0086448192596436,-1.049794316291809,-1.1461212635040283,-1.175767421722412,-1.115038275718689,-1.1727163791656494,-1.0086358785629272,-1.0564435720443726,0.3768168091773987,0.4167235791683197,0.4528551995754242,0.4775940477848053,0.49801623821258545,0.46375301480293274,0.49449822306632996,0.49623632431030273,0.49130475521087646,0.44620469212532043,0.47434377670288086,0.4781251549720764,0.475238174200058,0.42281100153923035,0.44660523533821106,0.4484766721725464,0.44614726305007935,0.39565661549568176,0.4086216390132904,0.4117157459259033,0.41232043504714966,0.8265770673751831,0.8329963684082031,0.8734179735183716,0.9085606932640076,0.9178937673568726,0.8811057806015015,0.9424442648887634,0.9800456166267395,0.9991054534912109,0.8977997899055481,0.9687674045562744,1.0106523036956787,1.0382587909698486,0.9142472743988037,0.9885935187339783,1.0301704406738281,1.0578570365905762,0.9301560521125793,0.99338299036026,1.0285420417785645,1.0553081035614014,1.480483433624613e-07,0.003014459041878581,-0.0008782013901509345,-0.00608961284160614,-0.010748674161732197,-0.012467577122151852,-0.024904130026698112,-0.03119855374097824,-0.03386300057172775,-0.02079823799431324,-0.030144570395350456,-0.03330845385789871,-0.035386890172958374,-0.028676846995949745,-0.036553479731082916,-0.03632683679461479,-0.035881076008081436,-0.03620722144842148,-0.0410311259329319,-0.039326395839452744,-0.03757109120488167,0.5921029448509216,0.5692694187164307,0.5363667011260986,0.5109860301017761,0.49635544419288635,0.5156080722808838,0.48382753133773804,0.4866616725921631,0.49652034044265747,0.5264210104942322,0.494597464799881,0.4983787536621094,0.5085285902023315,0.5413676500320435,0.511792778968811,0.5147005319595337,0.5237834453582764,0.5577483773231506,0.5341649055480957,0.5358315110206604,0.5420837998390198,0.7803345322608948,0.733859658241272,0.7118851542472839,0.7134672999382019,0.7231999039649963,0.7026818990707397,0.7329227924346924,0.7452006340026855,0.7420250773429871,0.7279168367385864,0.7679842114448547,0.7763252854347229,0.7702674269676208,0.7586270570755005,0.7952765822410583,0.8033719062805176,0.7984450459480286,0.791565477848053,0.8188280463218689,0.8211188912391663,0.8141701221466064,-1.6713489969788498e-07,0.0018983791815117002,-0.0013034711591899395,-0.005763601511716843,-0.011163161136209965,-0.010403298772871494,-0.02052965760231018,-0.027546796947717667,-0.031415365636348724,-0.016624104231595993,-0.024815237149596214,-0.02859976701438427,-0.031077498570084572,-0.02220398746430874,-0.030319562181830406,-0.029170889407396317,-0.02762797474861145,-0.027095887809991837,-0.03370010480284691,-0.030677318572998047,-0.027032872661948204
12,0.005249142646789551,-0.06562438607215881,0.0,0.5621045231819153,-0.3256760835647583,-0.19225788116455078,0.0,0.2565271556377411,-0.010199737967923284,0.04659965727478266,0.0,0.05708874762058258,0.6356479525566101,0.36928877234458923,0.7339909076690674,0.2909644842147827,0.5865887999534607,0.4084721505641937,0.5368109941482544,0.4375714063644409,0.5204036831855774,0.4650498032569885,0.5310338735580444,0.4613649547100067,0.5190151929855347,0.5083903670310974,0.8973122239112854,0.8892613053321838,0.743360698223114,0.7919421792030334,0.7479596138000488,0.8479900360107422,0.7114067673683167,0.8282286524772644,0.7076765894889832,0.8081267476081848,-0.08822428435087204,-0.14635629951953888,-0.3933248221874237,-0.43506500124931335,-1.0696731805801392,-1.098752498626709,-1.2078068256378174,-1.2269412279129028,-1.1724205017089844,-1.224880576133728,-1.0687083005905151,-1.1069449186325073,0.3871568739414215,0.4257901608943939,0.46717947721481323,0.4962957203388214,0.5132007002830505,0.46767497062683105,0.4971480369567871,0.5082283020019531,0.514592170715332,0.45044779777526855,0.4767855703830719,0.4877461791038513,0.49410486221313477,0.4273659884929657,0.448574960231781,0.45742368698120117,0.4642975330352783,0.4018813967704773,0.41364914178848267,0.41787824034690857,0.421231210231781,0.7681441903114319,0.7739185094833374,0.8000036478042603,0.8293815851211548,0.8577343225479126,0.7778912782669067,0.8080325126647949,0.8386855721473694,0.8674113750457764,0.7867435812950134,0.8183988928794861,0.8544963598251343,0.8880357146263123,0.8019081354141235,0.8357939124107361,0.8687134385108948,0.8973008394241333,0.8210173845291138,0.8520627021789551,0.8735131621360779,0.894571840763092,1.3754615224570443e-07,-0.0025911317206919193,-0.0074158343486487865,-0.012290531769394875,-0.01665481925010681,-0.020667968317866325,-0.03438158333301544,-0.041944604367017746,-0.04687488079071045,-0.027135826647281647,-0.0399249829351902,-0.044874101877212524,-0.048377055674791336,-0.03338821232318878,-0.04707443714141846,-0.050218354910612106,-0.05172554403543472,-0.03949883580207825,-0.05158813297748566,-0.05394289270043373,-0.05473879352211952,0.5748751759529114,0.5383455753326416,0.5037805438041687,0.48074305057525635,0.4634714722633362,0.5025770664215088,0.4782754182815552,0.47249895334243774,0.47212567925453186,0.5145770311355591,0.4898393750190735,0.4867110550403595,0.48856276273727417,0.5295016169548035,0.5058021545410156,0.5046265721321106,0.5077000260353088,0.5459725260734558,0.5256521105766296,0.5231171250343323,0.5248124003410339,0.7396218776702881,0.7272698283195496,0.6937147378921509,0.6687037348747253,0.6521018147468567,0.6456612944602966,0.6319612860679626,0.6506803631782532,0.6674147844314575,0.6484729051589966,0.6416447758674622,0.6616958975791931,0.6791124939918518,0.6589135527610779,0.6563326716423035,0.6751434803009033,0.6917626261711121,0.6771190762519836,0.6782867312431335,0.689414381980896,0.7003869414329529,-2.1363177893363172e-07,0.003659553127363324,0.0013429680839180946,-0.0030759836081415415,-0.007842919789254665,-0.005404926370829344,-0.016429422423243523,-0.025020377710461617,-0.030323009938001633,-0.013758420012891293,-0.020445208996534348,-0.024515386670827866,-0.028379565104842186,-0.022006861865520477,-0.027102522552013397,-0.02457677759230137,-0.023762241005897522,-0.030211441218852997,-0.032751962542533875,-0.028278131037950516,-0.025237232446670532
13,0.005132228136062622,-0.06595242023468018,0.0,0.5626022815704346,-0.3265182673931122,-0.19264057278633118,0.0,0.2582658529281616,-0.010359639767557383,0.04604918183758855,0.0,0.05695296823978424,0.6346221566200256,0.3702774941921234,0.7326958179473877,0.2911076545715332,0.5698383450508118,0.4056159555912018,0.5221543908119202,0.4386351704597473,0.5109007358551025,0.4596358835697174,0.5239884853363037,0.4556172788143158,0.515308141708374,0.5069223046302795,0.8958284854888916,0.8984754681587219,0.7008808851242065,0.7485004663467407,0.6820908188819885,0.7858844995498657,0.6407049894332886,0.7465067505836487,0.6465469002723694,0.7310142517089844,-0.11200708895921707,-0.20168107748031616,-0.5176324248313904,-0.5326796770095825,-1.1967734098434448,-1.2126374244689941,-1.328538417816162,-1.336263656616211,-1.2828609943389893,-1.3266276121139526,-1.1909663677215576,-1.2171196937561035,0.404575377702713,0.44008687138557434,0.4740719795227051,0.4996250569820404,0.5170121192932129,0.4723779559135437,0.5014334321022034,0.5160911083221436,0.5264215469360352,0.45623722672462463,0.4821341037750244,0.49698305130004883,0.5059221982955933,0.43568599224090576,0.4548478126525879,0.4662610590457916,0.47453200817108154,0.41342246532440186,0.42204296588897705,0.42737457156181335,0.4319130778312683,0.7281661629676819,0.7314822673797607,0.7457265853881836,0.7625302076339722,0.7767428755760193,0.7217558026313782,0.7360756993293762,0.7577165365219116,0.7815516591072083,0.7259492874145508,0.7407279014587402,0.7691763639450073,0.7979742288589478,0.7385319471359253,0.7534957528114319,0.7815284132957458,0.8084937930107117,0.7573556900024414,0.7733193635940552,0.7899302840232849,0.8080120086669922,2.0534366740321275e-07,-0.0026485680136829615,-0.009548806585371494,-0.0164672639220953,-0.023696845397353172,-0.02787434682250023,-0.04458611086010933,-0.05409785360097885,-0.06018572300672531,-0.035307377576828,-0.05233708396553993,-0.059720903635025024,-0.0645330399274826,-0.04195627570152283,-0.05844331532716751,-0.06384377926588058,-0.06683854758739471,-0.04828543961048126,-0.06268532574176788,-0.06683976948261261,-0.0690109133720398,0.5700769424438477,0.5279378890991211,0.4981146454811096,0.47532904148101807,0.4554840624332428,0.5090550184249878,0.4806053638458252,0.45766809582710266,0.43875792622566223,0.5181311964988708,0.485464483499527,0.4614076316356659,0.440909206867218,0.5265976190567017,0.4942774474620819,0.47123363614082336,0.45232605934143066,0.534382700920105,0.508452296257019,0.49121612310409546,0.47696059942245483,0.7154083847999573,0.698398232460022,0.663027286529541,0.6386662721633911,0.6218951940536499,0.5965609550476074,0.5841438174247742,0.582970917224884,0.5846979022026062,0.5970609784126282,0.5889981389045715,0.5885622501373291,0.5912462472915649,0.6095039248466492,0.6053833365440369,0.6050899028778076,0.6082844138145447,0.634253203868866,0.6335485577583313,0.6356761455535889,0.6397782564163208,-3.809146775779482e-08,0.0010586859425529838,-0.0006911613745614886,-0.004157247021794319,-0.007703286129981279,0.000986322294920683,-0.007708823308348656,-0.016674596816301346,-0.023137113079428673,-0.0058394125662744045,-0.012126937508583069,-0.01938953436911106,-0.025392591953277588,-0.013279635459184647,-0.01881295256316662,-0.022014504298567772,-0.02490515261888504,-0.02106045000255108,-0.025774413719773293,-0.026592876762151718,-0.027117792516946793
14,0.005330264568328857,-0.06512737274169922,0.0,0.5624172687530518,-0.3261779248714447,-0.19245019555091858,0.0,0.26031047105789185,-0.011765793431550264,0.0457403021864593,0.0,0.05643976107239723,0.6330543160438538,0.37027424573898315,0.7318519949913025,0.2912529706954956,0.5659347176551819,0.4052373468875885,0.5163147449493408,0.4387272000312805,0.5073047280311584,0.4547504484653473,0.5214738249778748,0.4510617256164551,0.508932888507843,0.5060364603996277,0.8900617957115173,0.903502881526947,0.7019560933113098,0.7369047999382019,0.6767547726631165,0.7402626276016235,0.630268931388855,0.6851996779441833,0.6393662095069885,0.6836965680122375,-0.20510561764240265,-0.23006930947303772,-0.5621820092201233,-0.581129789352417,-1.2333358526229858,-1.2614140510559082,-1.3620959520339966,-1.3816182613372803,-1.3173236846923828,-1.3657230138778687,-1.226470947265625,-1.2628746032714844,0.40207988023757935,0.43967095017433167,0.46989548206329346,0.4931851029396057,0.5126253366470337,0.47267141938209534,0.5004166960716248,0.5208554863929749,0.5365299582481384,0.4606849253177643,0.4871492087841034,0.5046988129615784,0.5174742937088013,0.44349929690361023,0.464212566614151,0.47756797075271606,0.4873519241809845,0.4242193102836609,0.4321969747543335,0.43898266553878784,0.44520771503448486,0.7230222225189209,0.7401171326637268,0.7435805797576904,0.7434356808662415,0.7438482046127319,0.6830949783325195,0.6890041828155518,0.7049693465232849,0.7253111004829407,0.6829734444618225,0.6931567192077637,0.7155211567878723,0.7407872676849365,0.6950173377990723,0.7054628729820251,0.7268235087394714,0.7489395141601562,0.714830219745636,0.7267249822616577,0.7420390248298645,0.7587476968765259,3.240091075440432e-07,-0.0031362047884613276,-0.010561737231910229,-0.018508736044168472,-0.02691015414893627,-0.024105409160256386,-0.04336544871330261,-0.056325409561395645,-0.06469591706991196,-0.03172553703188896,-0.05157611146569252,-0.06222007796168327,-0.0691150575876236,-0.039019353687763214,-0.05744913965463638,-0.06441517919301987,-0.06830273568630219,-0.04620038717985153,-0.06129221245646477,-0.06661812216043472,-0.06968661397695541,0.547379195690155,0.5050287246704102,0.47690871357917786,0.4567390978336334,0.4386456608772278,0.4846172630786896,0.4550694227218628,0.4339318871498108,0.416553258895874,0.49379920959472656,0.4593205451965332,0.4365187883377075,0.4176962375640869,0.504199743270874,0.4721471965312958,0.45070433616638184,0.433498740196228,0.5152098536491394,0.49711182713508606,0.4822565019130707,0.46829700469970703,0.6830623745918274,0.674170732498169,0.6507560014724731,0.6330544948577881,0.6191729307174683,0.5761438608169556,0.5637171864509583,0.5662065744400024,0.5712802410125732,0.5720574259757996,0.5610836744308472,0.566476583480835,0.5757402777671814,0.5790345072746277,0.5705469250679016,0.5754979252815247,0.5855488777160645,0.5979021191596985,0.5927233695983887,0.5944638848304749,0.5992287993431091,-8.969500697730837e-08,0.001411479664966464,-0.0008549951016902924,-0.005108556244522333,-0.009530240669846535,0.0009730333695188165,-0.007890270091593266,-0.01600055769085884,-0.0221254900097847,-0.006569586228579283,-0.01470363512635231,-0.022201864048838615,-0.02803053893148899,-0.01476945262402296,-0.022855421528220177,-0.0270990002900362,-0.03032143972814083,-0.023135829716920853,-0.030282512307167053,-0.03278525546193123,-0.03455357253551483
15,0.0055460333824157715,-0.06462976336479187,0.0,0.5615628957748413,-0.3253767788410187,-0.19218218326568604,0.0,0.2619507908821106,-0.01270740432664752,0.04540547449141741,0.0,0.05621744692325592,0.6320053339004517,0.37028494477272034,0.7312840819358826,0.2924268841743469,0.5696174502372742,0.40508997440338135,0.5213620662689209,0.43820375204086304,0.5089769959449768,0.4514544904232025,0.5231050252914429,0.4478634297847748,0.5031095147132874,0.5055089592933655,0.882741391658783,0.9053509831428528,0.7133775353431702,0.7312076687812805,0.6939359307289124,0.7242156863212585,0.6461715698242188,0.6665909290313721,0.6511971950531006,0.6682562232017517,-0.2444431483745575,-0.2583647668361664,-0.554154634475708,-0.5907987952232361,-1.2116119861602783,-1.2748124599456787,-1.337143063545227,-1.3942949771881104,-1.298551082611084,-1.3801170587539673,-1.2064870595932007,-1.2769370079040527,0.40803104639053345,0.4505309462547302,0.48279693722724915,0.507538378238678,0.5292449593544006,0.47499802708625793,0.5020057559013367,0.5229941606521606,0.5407435297966003,0.46212178468704224,0.4902639389038086,0.5111141800880432,0.529161810874939,0.4455978274345398,0.4671434164047241,0.48289820551872253,0.4970637857913971,0.42762207984924316,0.4357313811779022,0.44489437341690063,0.4545574188232422,0.718617856502533,0.7258504033088684,0.7258607745170593,0.7274842858314514,0.7241470813751221,0.6575378775596619,0.6630441546440125,0.6754039525985718,0.6930549144744873,0.6570122241973877,0.66307532787323,0.6787834763526917,0.6975080370903015,0.6709558963775635,0.6777294278144836,0.6942174434661865,0.7122827172279358,0.6937457323074341,0.7019420862197876,0.7121021747589111,0.7238373756408691,3.586795855881064e-07,-0.0016545846592634916,-0.008510468527674675,-0.01640532910823822,-0.02528243511915207,-0.020264729857444763,-0.039302099496126175,-0.05276422202587128,-0.061490464955568314,-0.029310770332813263,-0.04803280532360077,-0.05954331159591675,-0.06765636801719666,-0.038126785308122635,-0.05547882616519928,-0.062049202620983124,-0.06622114777565002,-0.04687199369072914,-0.06063544377684593,-0.06493539363145828,-0.06772883981466293,0.5392932891845703,0.5038195252418518,0.4740804433822632,0.45382192730903625,0.43595266342163086,0.4770435690879822,0.4458838999271393,0.42231905460357666,0.4048088788986206,0.48385515809059143,0.44735100865364075,0.4214470088481903,0.40231069922447205,0.48994961380958557,0.45387473702430725,0.42914775013923645,0.4108753502368927,0.49482011795043945,0.46843990683555603,0.44990023970603943,0.43486008048057556,0.6784791350364685,0.6764096617698669,0.6504185199737549,0.6334697604179382,0.6206677556037903,0.5744579434394836,0.5606251358985901,0.5663785934448242,0.578393816947937,0.5698304772377014,0.557677149772644,0.5656338930130005,0.5786287784576416,0.5739119052886963,0.564626932144165,0.5721990466117859,0.5852924585342407,0.5882580280303955,0.577823281288147,0.5804403424263,0.5878700613975525,-1.1573854408197803e-07,0.0024154777638614178,0.0006592150311917067,-0.0035723650362342596,-0.007389233913272619,0.005550703499466181,-0.0045188674703240395,-0.013953869231045246,-0.019644245505332947,-0.001781647908501327,-0.009103834629058838,-0.01567234843969345,-0.020142726600170135,-0.01031469739973545,-0.0159895122051239,-0.018316296860575676,-0.01965489611029625,-0.019327376037836075,-0.023415803909301758,-0.024172546342015266,-0.02408575639128685
16,0.005832463502883911,-0.06541186571121216,0.0,0.5611836314201355,-0.3260385990142822,-0.1943436563014984,0.0,0.26468026638031006,-0.01566165592521429,0.04336746782064438,0.0,0.056430377066135406,0.6307394504547119,0.3702602684497833,0.72821444272995,0.29274576902389526,0.571003794670105,0.4070769250392914,0.5214481949806213,0.43831300735473633,0.5079572796821594,0.44951263070106506,0.5227107405662537,0.44594037532806396,0.5011454820632935,0.5056007504463196,0.8810811638832092,0.9076685309410095,0.7237710952758789,0.7317138314247131,0.7034822702407837,0.7145554423332214,0.6536339521408081,0.6577827334403992,0.6581940054893494,0.6635867357254028,-0.25297871232032776,-0.28157711029052734,-0.5401723384857178,-0.5988773107528687,-1.176614761352539,-1.2702641487121582,-1.2985955476760864,-1.3880746364593506,-1.2618318796157837,-1.3742313385009766,-1.171593189239502,-1.2723217010498047,0.410979300737381,0.4535866677761078,0.4825275242328644,0.5046096444129944,0.5245901346206665,0.4747210741043091,0.5021233558654785,0.5220023393630981,0.5384805202484131,0.4622853398323059,0.4928600788116455,0.5151315927505493,0.5335739254951477,0.446626752614975,0.47247737646102905,0.48959994316101074,0.5043860673904419,0.42969274520874023,0.4406088590621948,0.45061323046684265,0.46109917759895325,0.7180268168449402,0.721443772315979,0.718919038772583,0.7205595970153809,0.7228905558586121,0.6498754620552063,0.6616228222846985,0.6757601499557495,0.6953533291816711,0.6480851769447327,0.658420205116272,0.6742715835571289,0.6935849785804749,0.6611632108688354,0.6707950234413147,0.6868690252304077,0.7041653394699097,0.6839812994003296,0.6945407390594482,0.7035381197929382,0.71420818567276,3.453003216691286e-07,7.840170292183757e-05,-0.007129929028451443,-0.0159227903932333,-0.02615983597934246,-0.018159447237849236,-0.03693539276719093,-0.050653520971536636,-0.05968080461025238,-0.028224561363458633,-0.0457218661904335,-0.05716594681143761,-0.06548430025577545,-0.03813903033733368,-0.05550990626215935,-0.06325256824493408,-0.06835765391588211,-0.047674067318439484,-0.062364570796489716,-0.06769967824220657,-0.07116874307394028,0.5316104292869568,0.49577468633651733,0.4654063582420349,0.44513002038002014,0.4266741871833801,0.46910181641578674,0.43741509318351746,0.41339147090911865,0.39521336555480957,0.4748888611793518,0.43701234459877014,0.41054946184158325,0.3909560441970825,0.47926077246665955,0.44070327281951904,0.4158453643321991,0.3978249430656433,0.48280689120292664,0.4523647129535675,0.4321887493133545,0.4160923361778259,0.6863232254981995,0.6886976957321167,0.6623049378395081,0.6429463624954224,0.6289620399475098,0.585928738117218,0.5737670660018921,0.5817655920982361,0.5953837037086487,0.5775771737098694,0.5683958530426025,0.5793663263320923,0.5946863889694214,0.5784046649932861,0.5705471634864807,0.581832230091095,0.5963142514228821,0.5893646478652954,0.581134557723999,0.5871496796607971,0.5962123870849609,-1.6922038525990502e-07,0.004584463778883219,0.0044073620811104774,0.0012135568540543318,-0.0015733754262328148,0.010995139367878437,0.0017416088376194239,-0.007512433920055628,-0.013151933439075947,0.0027196367736905813,-0.0046166181564331055,-0.011046145111322403,-0.015170474536716938,-0.006920449435710907,-0.013181435875594616,-0.015253046527504921,-0.016016894951462746,-0.016874095425009727,-0.021663712337613106,-0.022253884002566338,-0.0217930655926466
17,0.005963176488876343,-0.0655316412448883,0.0,0.5604703426361084,-0.32618165016174316,-0.19599398970603943,0.0,0.26618656516075134,-0.019704538397490978,0.0419621504843235,0.0,0.056601352989673615,0.6305363774299622,0.3702276051044464,0.7230325937271118,0.2938365042209625,0.5642861127853394,0.4084259867668152,0.5130769610404968,0.4371716380119324,0.49795612692832947,0.4485945701599121,0.5141057372093201,0.44470202922821045,0.5009959936141968,0.5056838989257812,0.8808630704879761,0.9088733792304993,0.7274965047836304,0.7387299537658691,0.7116309404373169,0.7269336581230164,0.6634677648544312,0.6712213158607483,0.6656867861747742,0.6755234003067017,-0.2655397951602936,-0.28546157479286194,-0.550487756729126,-0.5801841020584106,-1.1660617589950562,-1.2333945035934448,-1.2838037014007568,-1.3478572368621826,-1.2456104755401611,-1.3333189487457275,-1.1597167253494263,-1.2354347705841064,0.4194052815437317,0.45989421010017395,0.4894428551197052,0.5113818645477295,0.5318208336830139,0.48249027132987976,0.5113688111305237,0.5307391881942749,0.5473606586456299,0.4689580798149109,0.5024727582931519,0.5235322117805481,0.5407330989837646,0.4517245590686798,0.4800337255001068,0.49643474817276,0.5110944509506226,0.4330819845199585,0.4455040395259857,0.4552108347415924,0.4652436375617981,0.7177666425704956,0.7213829159736633,0.7204365134239197,0.7227123975753784,0.7278987169265747,0.650730311870575,0.664160966873169,0.6797614097595215,0.6994765996932983,0.6495141983032227,0.6644432544708252,0.6854552626609802,0.7071474194526672,0.6634786128997803,0.677116870880127,0.6957128643989563,0.7125245332717896,0.6863563656806946,0.6980409622192383,0.707580029964447,0.7176085114479065,3.6709533901557734e-07,-0.001008158316835761,-0.009819929488003254,-0.019892795011401176,-0.032083842903375626,-0.023695116862654686,-0.043650705367326736,-0.05783016234636307,-0.06730695068836212,-0.03420140966773033,-0.052719756960868835,-0.06412528455257416,-0.07263115048408508,-0.04436353221535683,-0.06278357654809952,-0.07052821666002274,-0.07588090002536774,-0.054017167538404465,-0.06909558922052383,-0.0739498883485794,-0.07733217626810074,0.5394324064254761,0.50059574842453,0.4674839675426483,0.4437931478023529,0.42303019762039185,0.4696064293384552,0.4330267012119293,0.4076392352581024,0.3893440365791321,0.4774475395679474,0.4372742772102356,0.4098031520843506,0.38991910219192505,0.48502907156944275,0.445055216550827,0.4184424877166748,0.39852938055992126,0.4917386472225189,0.46106672286987305,0.4397743046283722,0.4227442145347595,0.6920360922813416,0.6942753195762634,0.6713539958000183,0.6574201583862305,0.6494320034980774,0.6031613349914551,0.5931348204612732,0.6038689613342285,0.6193835735321045,0.5992490649223328,0.5884291529655457,0.5994414687156677,0.6170499324798584,0.6078546047210693,0.5977790951728821,0.6068916916847229,0.6195668578147888,0.6280730366706848,0.6159032583236694,0.6173423528671265,0.6227812170982361,-1.6675666358878516e-07,0.00505863968282938,0.0027025446761399508,-0.0022018461022526026,-0.007438878994435072,-0.00021122033649589866,-0.012781807221472263,-0.022918662056326866,-0.02868945710361004,-0.00974866934120655,-0.019604377448558807,-0.02578839287161827,-0.029732028022408485,-0.01982245035469532,-0.027935873717069626,-0.029064705595374107,-0.029294313862919807,-0.029702486470341682,-0.03657609596848488,-0.03677401319146156,-0.0359109528362751
18,0.005959123373031616,-0.06571406126022339,0.0,0.5594455003738403,-0.32381607592105865,-0.19387036561965942,0.0,0.2720597982406616,-0.02536474633961916,0.03833945840597153,0.0,0.056121598929166794,0.6305297017097473,0.37019068002700806,0.719987690448761,0.29427799582481384,0.5652197003364563,0.4071487486362457,0.5176664590835571,0.43578052520751953,0.5017665028572083,0.4480821490287781,0.5155742168426514,0.4440644681453705,0.5016055107116699,0.5059118866920471,0.8834152221679688,0.9119950532913208,0.7484276294708252,0.7379182577133179,0.7400223612785339,0.7338607311248779,0.6888576149940491,0.6792698502540588,0.6886056661605835,0.6795955896377563,-0.29253265261650085,-0.3159274458885193,-0.5627802610397339,-0.6232774257659912,-1.1961714029312134,-1.3150408267974854,-1.3173205852508545,-1.4368690252304077,-1.2869229316711426,-1.4251959323883057,-1.1932449340820312,-1.3191170692443848,0.40903139114379883,0.4425642192363739,0.47659122943878174,0.501072108745575,0.5186406373977661,0.4810047447681427,0.5083360075950623,0.5313495397567749,0.5502257347106934,0.4680385887622833,0.49892377853393555,0.5213534235954285,0.5392659306526184,0.4499189853668213,0.478432297706604,0.49698081612586975,0.5120129585266113,0.4289061725139618,0.4473313093185425,0.45729485154151917,0.4641658663749695,0.7185758948326111,0.7097042202949524,0.7001893520355225,0.7023146152496338,0.7120113372802734,0.6430298686027527,0.6702159643173218,0.6917532086372375,0.7174099683761597,0.653184175491333,0.6828665137290955,0.7082794904708862,0.7327569723129272,0.6745916604995728,0.6980058550834656,0.7193646430969238,0.7381799221038818,0.7032017111778259,0.7204644680023193,0.7298361659049988,0.7365235686302185,3.600631828248879e-07,-0.00306898495182395,-0.009233754128217697,-0.01607435755431652,-0.024691050872206688,-0.01643398031592369,-0.03219829127192497,-0.045104868710041046,-0.05362638086080551,-0.023512786254286766,-0.03543485328555107,-0.04390016943216324,-0.05077590048313141,-0.0308026522397995,-0.043117180466651917,-0.047866951674222946,-0.05130006745457649,-0.03820877894759178,-0.047910116612911224,-0.04936559498310089,-0.05022247135639191,0.5276725143194199,0.494696706533432,0.46842310577630997,0.4472369849681854,0.4285774603486061,0.47053762525320053,0.4403878301382065,0.42146778851747513,0.4083797261118889,0.475711926817894,0.44260764867067337,0.4249664917588234,0.41303908824920654,0.4801863506436348,0.4457765966653824,0.4278016611933708,0.41552338749170303,0.48381561785936356,0.4577965512871742,0.43962835520505905,0.4249254837632179,0.7107538282871246,0.7083939760923386,0.6885009706020355,0.6774184554815292,0.6728756576776505,0.6285530030727386,0.6334269046783447,0.6488399505615234,0.6626041084527969,0.6302202939987183,0.6395248919725418,0.6553009450435638,0.6709397286176682,0.6418152749538422,0.6493179947137833,0.6635157763957977,0.6772616058588028,0.6622896790504456,0.6591264307498932,0.6630796194076538,0.6692977845668793,-2.3006233718092517e-07,0.005520050297491252,0.003028509730938822,-0.0023561014677397907,-0.00831149227451533,-0.0004917235237371642,-0.013148459373041987,-0.02348352689296007,-0.029468640219420195,-0.009819145547226071,-0.020976393949240446,-0.02741775568574667,-0.031422382686287165,-0.019459135364741087,-0.029098245315253735,-0.030194518622010946,-0.03011178644374013,-0.028823927510529757,-0.03649689257144928,-0.03683208394795656,-0.036175550892949104
19,0.005789041519165039,-0.06639754772186279,0.0,0.5588094592094421,-0.3239638954401016,-0.19386404752731323,0.0,0.279326856136322,-0.024595013819634914,0.037854770198464394,0.0,0.055352721363306046,0.6305314898490906,0.37000760436058044,0.7178440690040588,0.29499688744544983,0.5645792484283447,0.40626460313796997,0.5179188847541809,0.4349563717842102,0.5027313828468323,0.4464709460735321,0.5161423683166504,0.44257497787475586,0.5029981136322021,0.5061551928520203,0.8883782029151917,0.9132808446884155,0.7584405541419983,0.7564821243286133,0.7572555541992188,0.753604531288147,0.707406222820282,0.7013152241706848,0.706566333770752,0.7002801895141602,-0.2799749970436096,-0.3107096552848816,-0.5313464999198914,-0.6008796691894531,-1.1484371423721313,-1.28533136844635,-1.2663681507110596,-1.4056925773620605,-1.2384965419769287,-1.398041009902954,-1.1465201377868652,-1.2906759977340698,0.4061067998409271,0.433582603931427,0.4653302729129791,0.4908447563648224,0.507697343826294,0.468281626701355,0.49848583340644836,0.5209811329841614,0.5380418300628662,0.4589957594871521,0.48971888422966003,0.5119448304176331,0.5288192629814148,0.4450448751449585,0.4712441861629486,0.4891631603240967,0.5053783655166626,0.4285014569759369,0.4432322382926941,0.45188000798225403,0.45929020643234253,0.7367135882377625,0.7115830779075623,0.6939144730567932,0.6946811079978943,0.7062439918518066,0.6444252133369446,0.6738419532775879,0.7014935612678528,0.7303348183631897,0.6651134490966797,0.6934049129486084,0.7236865162849426,0.7548195123672485,0.694827675819397,0.7186132073402405,0.7448444366455078,0.7695105075836182,0.7299497127532959,0.7515325546264648,0.764715313911438,0.7780985236167908,3.4234153645229526e-07,-0.0036084328312426805,-0.009661088697612286,-0.016245434060692787,-0.024106882512569427,-0.019383033737540245,-0.03613841533660889,-0.04848192632198334,-0.05642780661582947,-0.026255188509821892,-0.040177322924137115,-0.04823426157236099,-0.05405759438872337,-0.03322209045290947,-0.04706265777349472,-0.051824696362018585,-0.05473233759403229,-0.04033689945936203,-0.05207551643252373,-0.054739680141210556,-0.05592521280050278,0.5159126222133636,0.488797664642334,0.4693622440099716,0.45068082213401794,0.4341247230768204,0.47146882116794586,0.44774895906448364,0.43529634177684784,0.4274154156446457,0.4739763140678406,0.44794102013111115,0.4401298314332962,0.43615907430648804,0.47534362971782684,0.44649797677993774,0.43716083467006683,0.4325173944234848,0.4758925884962082,0.4545263797044754,0.4394824057817459,0.42710675299167633,0.7294715642929077,0.7225126326084137,0.7056479454040527,0.697416752576828,0.6963193118572235,0.6539446711540222,0.6737189888954163,0.6938109397888184,0.7058246433734894,0.6611915230751038,0.690620630979538,0.71116042137146,0.7248295247554779,0.675775945186615,0.7008568942546844,0.7201398611068726,0.7349563539028168,0.6965063214302063,0.7023496031761169,0.7088168859481812,0.7158143520355225,-2.933680107730652e-07,0.005981460912153125,0.0033544747857376933,-0.0025103568332269788,-0.00918410555459559,-0.0007722267109784298,-0.013515111524611712,-0.024048391729593277,-0.03024782333523035,-0.009889621753245592,-0.022348410449922085,-0.02904711849987507,-0.033112737350165844,-0.019095820374786854,-0.030260616913437843,-0.031324331648647785,-0.03092925902456045,-0.02794536855071783,-0.03641768917441368,-0.03689015470445156,-0.03644014894962311
20,0.007359981536865234,-0.06530743837356567,0.0,0.5583570599555969,-0.32473883032798767,-0.19628757238388062,0.0,0.2840650975704193,-0.029785877093672752,0.0350493248552084,0.0,0.0551445297896862,0.630320131778717,0.36979687213897705,0.7174256443977356,0.29508188366889954,0.5653066635131836,0.40886154770851135,0.5182278156280518,0.44201919436454773,0.5033106803894043,0.4568091034889221,0.5157639384269714,0.4497218430042267,0.5058107972145081,0.5076891183853149,0.8923775553703308,0.9145304560661316,0.7638813853263855,0.7654722332954407,0.7658067345619202,0.77286696434021,0.7144209146499634,0.7230080366134644,0.7140061259269714,0.7180849313735962,-0.22206789255142212,-0.25317850708961487,-0.4965594708919525,-0.5736545920372009,-1.1282747983932495,-1.2166386842727661,-1.2425416707992554,-1.3343111276626587,-1.1983890533447266,-1.3359500169754028,-1.1179455518722534,-1.2248127460479736,0.40184885263442993,0.4379776120185852,0.4703167974948883,0.4942966401576996,0.5134285092353821,0.4694477915763855,0.5053792595863342,0.5315716862678528,0.5522897839546204,0.45202258229255676,0.4907498061656952,0.5183889269828796,0.5391606092453003,0.43252885341644287,0.46740034222602844,0.49104294180870056,0.5105804800987244,0.4137507379055023,0.4357582628726959,0.4487870931625366,0.45860522985458374,0.7690383195877075,0.7479463815689087,0.727579653263092,0.7206404805183411,0.7267983555793762,0.6656261682510376,0.7054727077484131,0.7358418107032776,0.7669106125831604,0.6864142417907715,0.731682300567627,0.7719650864601135,0.8104485273361206,0.7208266854286194,0.7564712762832642,0.7916338443756104,0.8227304816246033,0.76034015417099,0.7855812311172485,0.8061524033546448,0.8261877298355103,4.305318839215033e-07,-0.004430996719747782,-0.015577375888824463,-0.026771774515509605,-0.03993633762001991,-0.036271899938583374,-0.05972149968147278,-0.0754830539226532,-0.0854567438364029,-0.045617640018463135,-0.06723758578300476,-0.07679912447929382,-0.0831153392791748,-0.05430605262517929,-0.07549389451742172,-0.08121000975370407,-0.08355803042650223,-0.0625997856259346,-0.07879188656806946,-0.08141709119081497,-0.08195699751377106,0.5041527301073074,0.48289862275123596,0.47030138224363327,0.45412465929985046,0.43967198580503464,0.4724000170826912,0.4551100879907608,0.44912489503622055,0.4464511051774025,0.47224070131778717,0.4532743915915489,0.455293171107769,0.45927906036376953,0.4705009087920189,0.4472193568944931,0.44652000814676285,0.44951140135526657,0.4679695591330528,0.4512562081217766,0.43933645635843277,0.42928802222013474,0.7481893002986908,0.7366312891244888,0.72279492020607,0.7174150496721268,0.7197629660367966,0.6793363392353058,0.7140110731124878,0.7387819290161133,0.7490451782941818,0.6921627521514893,0.7417163699865341,0.7670198976993561,0.7787193208932877,0.7097366154193878,0.7523957937955856,0.7767639458179474,0.7926511019468307,0.730722963809967,0.7455727756023407,0.7545541524887085,0.7623309195041656,-3.566736843652052e-07,0.006442871526814997,0.0036804398405365646,-0.002664612198714167,-0.010056718834675848,-0.0010527298982196953,-0.013881763676181436,-0.024613256566226482,-0.031027006451040506,-0.009960097959265113,-0.023720426950603724,-0.030676481314003468,-0.03480309201404452,-0.01873250538483262,-0.03142298851162195,-0.032454144675284624,-0.031746731605380774,-0.027066809590905905,-0.03633848577737808,-0.03694822546094656,-0.03670474700629711
21,0.007780492305755615,-0.06506478786468506,0.0,0.5580734610557556,-0.3239380568265915,-0.19831085205078125,0.0,0.28825756907463074,-0.03498038277029991,0.03274458833038807,0.0,0.0544661246240139,0.6301943063735962,0.3695661127567291,0.7174404859542847,0.2951616048812866,0.5634117722511292,0.4085122346878052,0.5170217156410217,0.4415150582790375,0.5021547675132751,0.45564940571784973,0.5146604776382446,0.44890546798706055,0.5107820630073547,0.5116326808929443,0.8984458446502686,0.9178153276443481,0.7829122543334961,0.7678266167640686,0.7897565364837646,0.780552864074707,0.7460737824440002,0.7313424348831177,0.7385104298591614,0.7275392413139343,-0.25299960374832153,-0.281753271818161,-0.5003315210342407,-0.563361406326294,-1.1199740171432495,-1.2296324968338013,-1.2400304079055786,-1.3524398803710938,-1.2099303007125854,-1.3482613563537598,-1.1164804697036743,-1.2358523607254028,0.39415860176086426,0.4345207214355469,0.4729447662830353,0.5029319524765015,0.5247164964675903,0.4761473834514618,0.5137642025947571,0.5349287986755371,0.551824688911438,0.4568500220775604,0.493088036775589,0.5171505808830261,0.5359650254249573,0.4367222189903259,0.4651816785335541,0.48618602752685547,0.5040793418884277,0.418146014213562,0.432711660861969,0.4432791769504547,0.4531919062137604,0.7765822410583496,0.756676971912384,0.7530132532119751,0.7669092416763306,0.7892825603485107,0.7034921050071716,0.7529425621032715,0.7928144335746765,0.8270516395568848,0.7260592579841614,0.7803816199302673,0.8222582936286926,0.8571298122406006,0.7584936022758484,0.802391767501831,0.8388537764549255,0.8670663833618164,0.7942268252372742,0.8242884278297424,0.8459230661392212,0.8638875484466553,3.427703916258906e-07,-0.009794178418815136,-0.024905025959014893,-0.03939845785498619,-0.05585836246609688,-0.04491283744573593,-0.07109133154153824,-0.08802968263626099,-0.09885133057832718,-0.05331333354115486,-0.0777779296040535,-0.08831743150949478,-0.09594272822141647,-0.061555471271276474,-0.0844510942697525,-0.09043729305267334,-0.09359560161828995,-0.0700061097741127,-0.08670506626367569,-0.08937876671552658,-0.0907476395368576,0.4923928380012512,0.47699958086013794,0.4712405204772949,0.457568496465683,0.4452192485332489,0.4733312129974365,0.46247121691703796,0.46295344829559326,0.4654867947101593,0.47050508856773376,0.4586077630519867,0.4704565107822418,0.482399046421051,0.46565818786621094,0.44794073700904846,0.45587918162345886,0.46650540828704834,0.46004652976989746,0.44798603653907776,0.43919050693511963,0.43146929144859314,0.7669070363044739,0.750749945640564,0.7399418950080872,0.7374133467674255,0.7432066202163696,0.7047280073165894,0.7543031573295593,0.7837529182434082,0.7922657132148743,0.7231339812278748,0.7928121089935303,0.8228793740272522,0.8326091170310974,0.7436972856521606,0.8039346933364868,0.8333880305290222,0.8503458499908447,0.7649396061897278,0.7887959480285645,0.8002914190292358,0.8088474869728088,-4.199793579573452e-07,0.00690428214147687,0.004006404895335436,-0.002818867564201355,-0.010929332114756107,-0.0013332330854609609,-0.01424841582775116,-0.025178121402859688,-0.03180618956685066,-0.010030574165284634,-0.025092443451285362,-0.032305844128131866,-0.0364934466779232,-0.018369190394878387,-0.03258536010980606,-0.03358395770192146,-0.032564204186201096,-0.02618825063109398,-0.036259282380342484,-0.03700629621744156,-0.036969345062971115
22,0.00819551944732666,-0.06446060538291931,0.0,0.5578817129135132,-0.32422925531864166,-0.1996411383152008,0.0,0.2912609875202179,-0.03267242759466171,0.03499050810933113,0.0,0.05498156696557999,0.6297220587730408,0.36951833963394165,0.7172725796699524,0.2952764630317688,0.5583457350730896,0.40558895468711853,0.5134580731391907,0.4407859146595001,0.4963056147098541,0.4543067514896393,0.5102826356887817,0.4480389654636383,0.5136206150054932,0.5141914486885071,0.9034745693206787,0.9188284873962402,0.7976956963539124,0.7787393927574158,0.8175339698791504,0.8019839525222778,0.7877529263496399,0.7632138729095459,0.7742225527763367,0.7481405735015869,-0.2586233615875244,-0.27955102920532227,-0.49507638812065125,-0.546703040599823,-1.1045072078704834,-1.2179667949676514,-1.2282166481018066,-1.343851089477539,-1.2085360288619995,-1.3421428203582764,-1.102820873260498,-1.2259962558746338,0.43509441614151,0.4656825661659241,0.4929584264755249,0.5059884786605835,0.5087220072746277,0.4880879819393158,0.5074561238288879,0.5219919085502625,0.5326747298240662,0.4712710380554199,0.48774629831314087,0.5038657784461975,0.5170578956604004,0.4510248899459839,0.46377497911453247,0.47949010133743286,0.49290499091148376,0.4300157129764557,0.4364640414714813,0.44496843218803406,0.4534429907798767,0.75258469581604,0.7430186867713928,0.7632495164871216,0.7970854043960571,0.8333404660224915,0.7705625295639038,0.8095211386680603,0.8416974544525146,0.8668386340141296,0.7830149531364441,0.822306215763092,0.8595121502876282,0.8862354159355164,0.796617865562439,0.8319494724273682,0.8670039772987366,0.8921520113945007,0.8128040432929993,0.8442054390907288,0.8659231662750244,0.8802126049995422,3.1991666560315934e-07,-0.007770365569740534,-0.015736708417534828,-0.022685769945383072,-0.03007129579782486,-0.024915361776947975,-0.037350017577409744,-0.04543229192495346,-0.05069883167743683,-0.028739050030708313,-0.04051044210791588,-0.045918334275484085,-0.049443457275629044,-0.03243342041969299,-0.04443395137786865,-0.048221927136182785,-0.050052542239427567,-0.0364157110452652,-0.046585142612457275,-0.048147160559892654,-0.048588719218969345,0.5177631378173828,0.5027773380279541,0.48548510670661926,0.46530428528785706,0.44942599534988403,0.4665912091732025,0.44082769751548767,0.431172251701355,0.4245443344116211,0.463688462972641,0.44307461380958557,0.44583550095558167,0.4502286911010742,0.4633849561214447,0.4411441683769226,0.43807002902030945,0.4392714500427246,0.4639112651348114,0.4461973309516907,0.4396706521511078,0.43541690707206726,0.8068961501121521,0.7746163606643677,0.7617001533508301,0.7599935531616211,0.7617921233177185,0.7408789396286011,0.7678296566009521,0.7900837063789368,0.8099868297576904,0.7582990527153015,0.7944398522377014,0.8249431848526001,0.8487366437911987,0.7801854014396667,0.8155046701431274,0.8456287980079651,0.8724948763847351,0.8051140904426575,0.822640061378479,0.8347249031066895,0.8463892340660095,-2.589574705780251e-07,0.000726683996617794,-0.004354801028966904,-0.011299612931907177,-0.01961641199886799,-0.01130405068397522,-0.024455193430185318,-0.034272052347660065,-0.040429145097732544,-0.01689392887055874,-0.031320855021476746,-0.03796161338686943,-0.04188613221049309,-0.02251121960580349,-0.03584316745400429,-0.03920069709420204,-0.040644824504852295,-0.027585959061980247,-0.038120705634355545,-0.04033758491277695,-0.04119182378053665
23,0.008959978818893433,-0.06443393230438232,0.0,0.5553626418113708,-0.32092373073101044,-0.1996937394142151,0.0,0.29278597235679626,-0.03340640477836132,0.03339810110628605,0.0,0.0553973950445652,0.6293190121650696,0.3691718876361847,0.7185825705528259,0.2931827902793884,0.5567256808280945,0.3960627615451813,0.5099140405654907,0.4366646409034729,0.49125608801841736,0.45177793502807617,0.5064168572425842,0.44495895504951477,0.5164839029312134,0.5157670378684998,0.9050275683403015,0.9196100831031799,0.8006670475006104,0.8027036786079407,0.8220985531806946,0.8219853043556213,0.7952423691749573,0.786954402923584,0.7822725176811218,0.7716140151023865,-0.2591507136821747,-0.252390056848526,-0.49398139119148254,-0.500874400138855,-1.0691832304000854,-1.209795594215393,-1.1896793842315674,-1.3372832536697388,-1.1667402982711792,-1.3383164405822754,-1.0662543773651123,-1.217307448387146,0.4281139373779297,0.4561876654624939,0.4797665476799011,0.4927618205547333,0.5004613995552063,0.47433894872665405,0.4966581165790558,0.5108867883682251,0.5220354199409485,0.4617461562156677,0.4820932447910309,0.49707257747650146,0.5100687742233276,0.44437843561172485,0.460387259721756,0.47391247749328613,0.48705658316612244,0.4247108995914459,0.43020063638687134,0.43623998761177063,0.4430127739906311,0.7565030455589294,0.755354106426239,0.7725853323936462,0.7963452935218811,0.8211361765861511,0.7839021682739258,0.8223406076431274,0.8538190126419067,0.8799619078636169,0.7999057173728943,0.8439384698867798,0.876420259475708,0.9032784104347229,0.81375652551651,0.8553224802017212,0.8858416676521301,0.910607099533081,0.8269283771514893,0.8586295247077942,0.8804041743278503,0.8998774886131287,2.571173070009536e-07,-0.0037509319372475147,-0.009629938751459122,-0.014910691417753696,-0.020962147042155266,-0.023153703659772873,-0.03520461544394493,-0.042068470269441605,-0.046644002199172974,-0.028173891827464104,-0.039885856211185455,-0.045847341418266296,-0.04960823059082031,-0.03243401274085045,-0.044050853699445724,-0.04965723305940628,-0.05310980603098869,-0.036348115652799606,-0.04851730167865753,-0.052825409919023514,-0.05487160012125969,0.5291406512260437,0.501754641532898,0.4734521508216858,0.45098528265953064,0.4335043430328369,0.47131454944610596,0.4440913498401642,0.4252949059009552,0.41181227564811707,0.4806780517101288,0.45246127247810364,0.4333110451698303,0.4199233949184418,0.4929690957069397,0.46613559126853943,0.448540598154068,0.43677186965942383,0.5061484575271606,0.48670485615730286,0.4726797938346863,0.4622625410556793,0.7837309241294861,0.7755826711654663,0.7745862007141113,0.7851462364196777,0.7954873442649841,0.7425829172134399,0.7593084573745728,0.7782806158065796,0.7973383665084839,0.7491335272789001,0.7658588290214539,0.7907889485359192,0.8161554932594299,0.7648842930793762,0.7794641852378845,0.8029593825340271,0.8259774446487427,0.7886157035827637,0.7994090914726257,0.8122291564941406,0.8258199691772461,-7.978833593824675e-08,-0.0007665258599445224,-0.00526434276252985,-0.010395596735179424,-0.01655491814017296,-0.013440915383398533,-0.025215676054358482,-0.034651003777980804,-0.040782392024993896,-0.0193330068141222,-0.02918105572462082,-0.035378679633140564,-0.04011872783303261,-0.02493305876851082,-0.033764299005270004,-0.03634652867913246,-0.03803914785385132,-0.030299628153443336,-0.038950301706790924,-0.040494535118341446,-0.04073590040206909
24,0.010038435459136963,-0.06294673681259155,0.0,0.5555050373077393,-0.31790901720523834,-0.19808149337768555,0.0,0.28921759128570557,-0.028437335044145584,0.036479013971984386,0.0,0.05493061617016792,0.6289166808128357,0.36879605054855347,0.7216065526008606,0.29103997349739075,0.556614875793457,0.38816964626312256,0.5114465951919556,0.432256817817688,0.49203750491142273,0.44892603158950806,0.5061972737312317,0.4409972131252289,0.5176840424537659,0.5159986615180969,0.904918909072876,0.9192926287651062,0.7999459505081177,0.8144850134849548,0.8213281035423279,0.8330601453781128,0.792671263217926,0.799326479434967,0.7803913354873657,0.785486102104187,-0.26356595754623413,-0.23904208838939667,-0.49230003356933594,-0.47479867935180664,-1.0544908046722412,-1.165732502937317,-1.1727592945098877,-1.2907875776290894,-1.1469601392745972,-1.2828834056854248,-1.0499342679977417,-1.1716409921646118,0.414318323135376,0.44503310322761536,0.4716961085796356,0.48809918761253357,0.4983852803707123,0.46767258644104004,0.48566970229148865,0.49654585123062134,0.5052112936973572,0.45391079783439636,0.47261565923690796,0.48591917753219604,0.4975929856300354,0.4356294870376587,0.4519372582435608,0.4624401926994324,0.4730249047279358,0.41482067108154297,0.4197969138622284,0.42548784613609314,0.43310546875,0.7650235891342163,0.7569458484649658,0.7689763307571411,0.7871171236038208,0.8069685101509094,0.7930272221565247,0.8181218504905701,0.8398387432098389,0.860173225402832,0.8099284172058105,0.8401303887367249,0.8635647296905518,0.8869773745536804,0.8206544518470764,0.852972686290741,0.8765877485275269,0.8986650705337524,0.8274401426315308,0.8549219369888306,0.8727095127105713,0.8891480565071106,1.5547603027243895e-07,-0.003785950830206275,-0.008065118454396725,-0.011874539777636528,-0.016475357115268707,-0.015021262690424919,-0.025310982018709183,-0.03266393020749092,-0.03803246468305588,-0.019049400463700294,-0.028591670095920563,-0.035063236951828,-0.039749760180711746,-0.022972403094172478,-0.03328642621636391,-0.038533471524715424,-0.04189831018447876,-0.02665015682578087,-0.03765375167131424,-0.04162611439824104,-0.04364240914583206,0.5423440337181091,0.5104446411132812,0.4800044000148773,0.4576182961463928,0.43984007835388184,0.4810308516025543,0.456351637840271,0.4369793236255646,0.42263394594192505,0.4926831126213074,0.46413278579711914,0.44532641768455505,0.4333342909812927,0.5065531134605408,0.4801977276802063,0.46307024359703064,0.45207679271698,0.5212942361831665,0.5006497502326965,0.4869566261768341,0.47729194164276123,0.7957027554512024,0.8045002818107605,0.7941762208938599,0.7880577445030212,0.7926839590072632,0.7377448081970215,0.7329031229019165,0.7494428753852844,0.7710566520690918,0.7409472465515137,0.7641981244087219,0.794814944267273,0.8237165212631226,0.7575199007987976,0.785229504108429,0.8127814531326294,0.8369532227516174,0.7825947403907776,0.8029047846794128,0.8185999989509583,0.8328807353973389,-9.857753013875481e-08,0.00024041645519901067,-0.0020537651143968105,-0.00498506473377347,-0.00894143432378769,-0.011740077286958694,-0.021635865792632103,-0.02882435917854309,-0.03342992439866066,-0.01725618727505207,-0.025452278554439545,-0.030391665175557137,-0.034405555576086044,-0.022421611472964287,-0.030459200963377953,-0.032964229583740234,-0.034404393285512924,-0.02726939506828785,-0.034795526415109634,-0.03622381389141083,-0.036302339285612106
25,0.009086757898330688,-0.06156647205352783,0.0,0.5568017363548279,-0.3183528929948807,-0.19577521085739136,0.0,0.2822065055370331,-0.02591984812170267,0.04090263228863478,0.0,0.055204953998327255,0.6285303831100464,0.36786481738090515,0.731383740901947,0.2855273187160492,0.574100136756897,0.380677729845047,0.524520218372345,0.4261733591556549,0.5034856200218201,0.442732036113739,0.5153983235359192,0.4347861707210541,0.5177996158599854,0.5204447507858276,0.9028504490852356,0.9195783138275146,0.7902696132659912,0.8143578767776489,0.8110647201538086,0.8327787518501282,0.7786675095558167,0.7976536154747009,0.7654904127120972,0.784360408782959,-0.1810571253299713,-0.1563573032617569,-0.4423338770866394,-0.4218244254589081,-1.031803846359253,-1.101173758506775,-1.1518429517745972,-1.2191965579986572,-1.1198755502700806,-1.2074662446975708,-1.0260262489318848,-1.1059523820877075,0.39917778968811035,0.4243040978908539,0.45305028557777405,0.47250837087631226,0.48836302757263184,0.45236432552337646,0.47557759284973145,0.4904630184173584,0.5035281181335449,0.4401048421859741,0.4642864465713501,0.4798712134361267,0.4934409260749817,0.42168354988098145,0.4413023591041565,0.45398029685020447,0.46600884199142456,0.3999718427658081,0.4087929129600525,0.41499149799346924,0.4221136271953583,0.755467414855957,0.7505356669425964,0.7622795104980469,0.7752907872200012,0.7839646339416504,0.7611716985702515,0.7816696166992188,0.7973735332489014,0.8088188767433167,0.7756059169769287,0.8120523691177368,0.8381759524345398,0.8605355620384216,0.7910585999488831,0.8298055529594421,0.8581440448760986,0.8840755224227905,0.8070734739303589,0.83681321144104,0.8541548252105713,0.8708388209342957,1.4938028414235305e-07,-0.0036788915749639273,-0.008724221028387547,-0.013110651634633541,-0.018006691709160805,-0.021927068009972572,-0.03408387303352356,-0.04076612368226051,-0.0450231209397316,-0.02695920690894127,-0.03759729489684105,-0.04234099015593529,-0.045425042510032654,-0.03155279904603958,-0.04313531145453453,-0.047835856676101685,-0.05050627142190933,-0.03576188161969185,-0.04672877863049507,-0.04963130131363869,-0.050908129662275314,0.5660969018936157,0.527603805065155,0.4954284131526947,0.4727272093296051,0.45420128107070923,0.4997555613517761,0.4761243760585785,0.45818254351615906,0.44520553946495056,0.5131679177284241,0.48526665568351746,0.468537837266922,0.45839300751686096,0.528333842754364,0.501793622970581,0.48659655451774597,0.476229727268219,0.5440367460250854,0.5257464051246643,0.5132864713668823,0.5025221109390259,0.7904466986656189,0.8022491931915283,0.7910611629486084,0.7842265367507935,0.7852979302406311,0.7163636684417725,0.7165120244026184,0.7357470393180847,0.7604382038116455,0.7166727781295776,0.7452133297920227,0.784321129322052,0.8223443031311035,0.7319034337997437,0.7606548070907593,0.7953552603721619,0.8278641104698181,0.7579208612442017,0.7735468149185181,0.7890473008155823,0.8045461177825928,-2.198230362182585e-07,-0.0014499335084110498,-0.005574265960603952,-0.01069688331335783,-0.016555732116103172,-0.011454285122454166,-0.024980081245303154,-0.0358344241976738,-0.042714305222034454,-0.01714302785694599,-0.029418855905532837,-0.03703830763697624,-0.04261856526136398,-0.023133089765906334,-0.03522763401269913,-0.03930479660630226,-0.04136699065566063,-0.028979066759347916,-0.039663124829530716,-0.04303187131881714,-0.044341057538986206
26,0.009110212326049805,-0.06039789319038391,0.0,0.5577400326728821,-0.32041557133197784,-0.19617411494255066,0.0,0.2755918800830841,-0.02259963098913431,0.04388396628201008,0.0,0.05435552820563316,0.628399133682251,0.36637017130851746,0.741268515586853,0.278411328792572,0.5821079611778259,0.37435677647590637,0.5317920446395874,0.41949355602264404,0.5137994885444641,0.437009334564209,0.5230053663253784,0.4304182827472687,0.5177819132804871,0.5222046971321106,0.8989362120628357,0.9198312759399414,0.7575221657752991,0.7817478775978088,0.782129168510437,0.8014128804206848,0.7467371821403503,0.7660620212554932,0.7337779402732849,0.7542171478271484,-0.1955546885728836,-0.17947439849376678,-0.47306835651397705,-0.4379338026046753,-1.1054255962371826,-1.1729223728179932,-1.2273045778274536,-1.2937588691711426,-1.1843799352645874,-1.2688175439834595,-1.0958608388900757,-1.1737676858901978,0.3941795825958252,0.42225873470306396,0.4464500844478607,0.4614548087120056,0.4706214666366577,0.4438125193119049,0.4646339416503906,0.47506603598594666,0.4817676842212677,0.42755362391471863,0.44925498962402344,0.46121084690093994,0.4706309735774994,0.40814894437789917,0.42637360095977783,0.43920835852622986,0.45068350434303284,0.3876268267631531,0.39747825264930725,0.4045048654079437,0.4116194248199463,0.731105387210846,0.7294691801071167,0.7447134256362915,0.7657631635665894,0.7878277897834778,0.7314194440841675,0.7628710865974426,0.793436586856842,0.8176737427711487,0.7434487342834473,0.7779105305671692,0.8080042004585266,0.8303273320198059,0.757286548614502,0.7887457609176636,0.8163704872131348,0.839690089225769,0.7741608619689941,0.7978072166442871,0.815267026424408,0.8306096792221069,2.6645238904166035e-07,-0.0024218568578362465,-0.009654269553720951,-0.016404520720243454,-0.02385500632226467,-0.024460097774863243,-0.036799054592847824,-0.04342782869935036,-0.04777484014630318,-0.03044484555721283,-0.041697390377521515,-0.04552413523197174,-0.04829493910074234,-0.03556887060403824,-0.046335142105817795,-0.047352470457553864,-0.04811107739806175,-0.04034275934100151,-0.05021750554442406,-0.05048827826976776,-0.05020624399185181,0.583789050579071,0.5410925149917603,0.5108146071434021,0.48976805806159973,0.4737046957015991,0.509925127029419,0.48565155267715454,0.47370362281799316,0.4678027629852295,0.5268763303756714,0.5018274784088135,0.48849138617515564,0.4807000160217285,0.546303391456604,0.5227336287498474,0.5082436800003052,0.49942460656166077,0.5661653280258179,0.5489119291305542,0.5360507369041443,0.5254672765731812,0.7808371782302856,0.7845650911331177,0.7697303891181946,0.761346161365509,0.7564759254455566,0.6772746443748474,0.7081732153892517,0.7428146600723267,0.7746731042861938,0.6748478412628174,0.7125188112258911,0.7538378238677979,0.7896870970726013,0.6874692440032959,0.7190847992897034,0.7560586333274841,0.789103090763092,0.7120208740234375,0.7304922938346863,0.7474879026412964,0.7633679509162903,-3.076752363995183e-07,-0.002555822255089879,-0.0073575046844780445,-0.013252634555101395,-0.01933952234685421,-0.008588980883359909,-0.024012641981244087,-0.03685564547777176,-0.04421306774020195,-0.014363888651132584,-0.02733638323843479,-0.03613479807972908,-0.04174206405878067,-0.021080687642097473,-0.03389070928096771,-0.038900043815374374,-0.04079301282763481,-0.02791478857398033,-0.03838128596544266,-0.041643932461738586,-0.04224710538983345
27,0.00951385498046875,-0.06061273813247681,0.0,0.5574417114257812,-0.3231215476989746,-0.1945340931415558,0.0,0.270673930644989,-0.01575701730325818,0.047783538699150085,0.0,0.05472749099135399,0.6284348964691162,0.36531296372413635,0.7500411868095398,0.27485498785972595,0.6042428612709045,0.3577229380607605,0.5588509440422058,0.40039217472076416,0.5398805141448975,0.4174876809120178,0.5462568998336792,0.41288650035858154,0.5171999335289001,0.5223004221916199,0.8958163857460022,0.921167254447937,0.7260614037513733,0.7509904503822327,0.7365586757659912,0.7523477673530579,0.7012805938720703,0.7136650681495667,0.6954721808433533,0.7095956802368164,-0.18499501049518585,-0.1906997710466385,-0.512022852897644,-0.5554413199424744,-1.2179409265518188,-1.3090698719024658,-1.3487190008163452,-1.4375604391098022,-1.3018604516983032,-1.4241554737091064,-1.2105385065078735,-1.3142058849334717,0.37156014144420624,0.4049035608768463,0.4326389580965042,0.45228275656700134,0.46799932420253754,0.4260225147008896,0.44847364723682404,0.4584025740623474,0.464235857129097,0.40876463055610657,0.43335893750190735,0.44524456560611725,0.4535028487443924,0.3891167640686035,0.4108002930879593,0.42418548464775085,0.4345013052225113,0.36950749158859253,0.3837968707084656,0.393242746591568,0.40106329321861267,0.7308816611766815,0.7245219945907593,0.7249994874000549,0.7351972460746765,0.7482884526252747,0.6724908351898193,0.7082560360431671,0.7433852851390839,0.7727078199386597,0.6793973743915558,0.722127228975296,0.7593333423137665,0.7872276604175568,0.6956937909126282,0.735021561384201,0.7697528600692749,0.7965494692325592,0.7176055908203125,0.7459133267402649,0.7675154805183411,0.784839540719986,2.676182475624955e-07,-0.003536905162036419,-0.011345947626978159,-0.01893403474241495,-0.02676636539399624,-0.022948699072003365,-0.03757042810320854,-0.046525614336133,-0.05228608287870884,-0.02912540454417467,-0.04288717173039913,-0.04835972376167774,-0.05229173228144646,-0.03498646803200245,-0.04851710423827171,-0.050189562141895294,-0.05075946822762489,-0.04072663001716137,-0.05136765353381634,-0.0518825426697731,-0.05156700313091278,0.5963010787963867,0.5594418048858643,0.526225209236145,0.5028917193412781,0.4822678864002228,0.5332600474357605,0.5124609470367432,0.5021269917488098,0.49679458141326904,0.5490226149559021,0.5250377655029297,0.5137581825256348,0.5088150501251221,0.5670574903488159,0.5443705916404724,0.531596839427948,0.5250341296195984,0.5859018564224243,0.5660504102706909,0.5534576177597046,0.5443695783615112,0.7504154443740845,0.7480418086051941,0.7251907587051392,0.7074886560440063,0.6999408006668091,0.6369994878768921,0.6379613876342773,0.6686146259307861,0.6978252530097961,0.6338773369789124,0.6512317657470703,0.6922048330307007,0.7238531112670898,0.643618106842041,0.6606636643409729,0.6985341310501099,0.7297597527503967,0.6632591485977173,0.6756395101547241,0.6974831819534302,0.7161181569099426,-3.1221790663948923e-07,-0.004083376843482256,-0.00812548492103815,-0.01352631114423275,-0.018338985741138458,-0.0033822550904005766,-0.01892014592885971,-0.030948486179113388,-0.037682145833969116,-0.008371075615286827,-0.021933143958449364,-0.029351722449064255,-0.03334720432758331,-0.015274270437657833,-0.02897953987121582,-0.03224688768386841,-0.03239831700921059,-0.02252667210996151,-0.033539365977048874,-0.03603029623627663,-0.03585919737815857
28,0.008063197135925293,-0.061558544635772705,0.0,0.5562598705291748,-0.3253774791955948,-0.19430944323539734,0.0,0.26475605368614197,-0.01618429273366928,0.047064993530511856,0.0,0.05503016337752342,0.6282060742378235,0.3651100993156433,0.7565485835075378,0.27088579535484314,0.6157630085945129,0.34909021854400635,0.5737882852554321,0.38939037919044495,0.5550469160079956,0.4081929624080658,0.559596598148346,0.40496596693992615,0.5155277252197266,0.522033154964447,0.8850893378257751,0.9210487008094788,0.6931117177009583,0.7131917476654053,0.6830624341964722,0.7049537301063538,0.651549756526947,0.6706529855728149,0.6534066796302795,0.6709851026535034,-0.18750694394111633,-0.19970272481441498,-0.5367406606674194,-0.5750092267990112,-1.2342525720596313,-1.3067799806594849,-1.3623908758163452,-1.4314873218536377,-1.3094570636749268,-1.4155502319335938,-1.2243598699569702,-1.310390830039978,0.3489407002925873,0.38754838705062866,0.4188278317451477,0.44311070442199707,0.46537718176841736,0.40823251008987427,0.43231335282325745,0.44173911213874817,0.44670403003692627,0.3899756371974945,0.41746288537979126,0.42927828431129456,0.4363747239112854,0.37008458375930786,0.39522698521614075,0.40916261076927185,0.41831910610198975,0.351388156414032,0.3701154887676239,0.38198062777519226,0.39050716161727905,0.7306579351425171,0.7195748090744019,0.7052855491638184,0.7046313285827637,0.7087491154670715,0.6135622262954712,0.6536409854888916,0.6933339834213257,0.7277418971061707,0.6153460144996643,0.6663439273834229,0.7106624841690063,0.7441279888153076,0.6341010332107544,0.6812973618507385,0.723135232925415,0.7534088492393494,0.6610503196716309,0.6940194368362427,0.7197639346122742,0.739069402217865,2.687841060833307e-07,-0.004651953466236591,-0.013037625700235367,-0.02146354876458645,-0.029677724465727806,-0.021437300369143486,-0.03834180161356926,-0.04962339997291565,-0.0567973256111145,-0.027805963531136513,-0.04407695308327675,-0.05119531229138374,-0.056288525462150574,-0.03440406545996666,-0.05069906637072563,-0.053026653826236725,-0.053407859057188034,-0.04111050069332123,-0.05251780152320862,-0.05327680706977844,-0.052927762269973755,0.608842670917511,0.5728862285614014,0.5410235524177551,0.5163891315460205,0.49429240822792053,0.5502150654792786,0.5276834964752197,0.5233850479125977,0.525362491607666,0.5668650269508362,0.5424116253852844,0.5370498299598694,0.5376741290092468,0.5852574110031128,0.5621717572212219,0.5529880523681641,0.5501217246055603,0.603105366230011,0.5847710371017456,0.573223352432251,0.5665544867515564,0.7139673233032227,0.7014719843864441,0.675101101398468,0.659758448600769,0.6554135084152222,0.5782974362373352,0.5827104449272156,0.619588315486908,0.6456557512283325,0.575194239616394,0.5932042598724365,0.6360502243041992,0.6632093191146851,0.5861217975616455,0.6034808158874512,0.6414527297019958,0.6701382398605347,0.6084743738174438,0.6175367832183838,0.6386232972145081,0.6570383906364441,-3.089882341100747e-07,-0.00463477149605751,-0.00878662709146738,-0.01485927402973175,-0.019676750525832176,0.0021978793665766716,-0.012694115750491619,-0.024154219776391983,-0.030363090336322784,-0.002077061915770173,-0.014819899573922157,-0.021513886749744415,-0.02449003793299198,-0.00874083861708641,-0.021684875711798668,-0.023539014160633087,-0.022304929792881012,-0.015995141118764877,-0.025704070925712585,-0.02713104523718357,-0.025804288685321808
29,0.0081615149974823,-0.06183883547782898,0.0,0.5550768971443176,-0.3240513950586319,-0.1939546763896942,0.0,0.26639947295188904,-0.018615934997797012,0.045751385390758514,0.0,0.05563381686806679,0.6281461715698242,0.36520078778266907,0.7596594095230103,0.2684628367424011,0.6321073174476624,0.34301552176475525,0.5892371535301208,0.3786926865577698,0.5733733773231506,0.39771202206611633,0.5784391164779663,0.3946124315261841,0.513694167137146,0.5224756598472595,0.8750837445259094,0.9217861294746399,0.66524738073349,0.6956618428230286,0.6400499939918518,0.6727659106254578,0.6085118651390076,0.6433027982711792,0.6134251952171326,0.6470644474029541,-0.17524169385433197,-0.2091483771800995,-0.531501829624176,-0.5772067904472351,-1.22845458984375,-1.3061256408691406,-1.354886770248413,-1.429084062576294,-1.300036907196045,-1.413017988204956,-1.2179875373840332,-1.3099042177200317,0.354413241147995,0.38620102405548096,0.4131072759628296,0.43580472469329834,0.4577311873435974,0.3964557647705078,0.4175041913986206,0.4245862066745758,0.428533136844635,0.37644529342651367,0.403988242149353,0.41456812620162964,0.42087745666503906,0.3569764196872711,0.3828471601009369,0.39681974053382874,0.4055788815021515,0.3403993546962738,0.3583480417728424,0.37200772762298584,0.38233616948127747,0.7128250598907471,0.6926211714744568,0.671036422252655,0.6672379374504089,0.672459602355957,0.5768815279006958,0.6017605066299438,0.6410912275314331,0.6702353954315186,0.5784710049629211,0.6172164678573608,0.661487877368927,0.6914592385292053,0.5979375839233398,0.6371029615402222,0.6794916391372681,0.7097111940383911,0.6272907853126526,0.6437115669250488,0.6660693287849426,0.6846191883087158,1.3461294656735845e-07,-0.004622125066816807,-0.013518854975700378,-0.02333657816052437,-0.03292066603899002,-0.014735249802470207,-0.032807718962430954,-0.04446588084101677,-0.05040576681494713,-0.020579982548952103,-0.03688270226120949,-0.042711514979600906,-0.0455637164413929,-0.027485977858304977,-0.04397716000676155,-0.04571133479475975,-0.044292572885751724,-0.03460085019469261,-0.04492836445569992,-0.0451401025056839,-0.04354177042841911,0.6151891350746155,0.5792158842086792,0.5500902533531189,0.5285409688949585,0.5081047415733337,0.5657784342765808,0.5423341989517212,0.5402339696884155,0.5462955832481384,0.5822256207466125,0.5578626394271851,0.5536338090896606,0.5587460994720459,0.599859356880188,0.57720947265625,0.5694515109062195,0.5717509984970093,0.6174819469451904,0.6008031964302063,0.589197039604187,0.5867328643798828,0.6797839403152466,0.6623436212539673,0.6301001906394958,0.6110666394233704,0.6020182967185974,0.5407888889312744,0.535737156867981,0.576644778251648,0.6027907133102417,0.5388064980506897,0.5407357215881348,0.5874075293540955,0.6133834719657898,0.5484015941619873,0.5472893714904785,0.5886259078979492,0.6156012415885925,0.5677447319030762,0.5592660307884216,0.5851797461509705,0.6077984571456909,-2.983895512898016e-07,-0.004207163583487272,-0.008805729448795319,-0.015562817454338074,-0.02082245610654354,0.003549274755641818,-0.010973455384373665,-0.021742934361100197,-0.027105825021862984,-0.0009281099773943424,-0.013472265563905239,-0.01855107583105564,-0.019765853881835938,-0.007848755456507206,-0.019555412232875824,-0.01792936399579048,-0.01405531819909811,-0.015495730563998222,-0.02239001914858818,-0.019873235374689102,-0.015797486528754234
30,0.007293730974197388,-0.06389251351356506,0.0,0.5550028681755066,-0.3252303749322891,-0.19576799869537354,0.0,0.26568830013275146,-0.022706459276378155,0.04256652295589447,0.0,0.0553022101521492,0.6281954050064087,0.36531326174736023,0.7615147829055786,0.2670295834541321,0.6449072360992432,0.34329429268836975,0.6064881086349487,0.3767479360103607,0.5922421813011169,0.3927721083164215,0.5967768430709839,0.39056289196014404,0.5117857456207275,0.5225402116775513,0.8732500672340393,0.922766387462616,0.6530860066413879,0.6781298518180847,0.6109952330589294,0.6381016969680786,0.5740787386894226,0.6013842821121216,0.5845039486885071,0.6105294227600098,-0.15270397067070007,-0.2137071192264557,-0.5284289121627808,-0.5885839462280273,-1.24000084400177,-1.3111027479171753,-1.3641433715820312,-1.4302400350570679,-1.3046907186508179,-1.4107739925384521,-1.2285348176956177,-1.313238501548767,0.34995126724243164,0.3811515271663666,0.40632468461990356,0.4278019070625305,0.4497968554496765,0.38223522901535034,0.41163894534111023,0.4133374094963074,0.4077593684196472,0.3628883957862854,0.3971349000930786,0.39988288283348083,0.39471685886383057,0.34438586235046387,0.3779507577419281,0.3832104802131653,0.3804055452346802,0.328316330909729,0.3520246148109436,0.36572372913360596,0.37310391664505005,0.6938334703445435,0.6676437854766846,0.6387729644775391,0.6254251599311829,0.6234766244888306,0.5444161295890808,0.5619058012962341,0.5996667742729187,0.6168898344039917,0.5465675592422485,0.5785306692123413,0.6185762286186218,0.6345618963241577,0.5642912983894348,0.5939242839813232,0.6325475573539734,0.650560736656189,0.5927296280860901,0.605502724647522,0.6324787735939026,0.6524397730827332,1.1096986440861656e-08,-0.0038045193068683147,-0.012634598650038242,-0.02370142936706543,-0.034403543919324875,-0.0079336017370224,-0.023198217153549194,-0.03408706188201904,-0.04017626494169235,-0.014026840217411518,-0.026394132524728775,-0.0312388576567173,-0.03379402309656143,-0.021311044692993164,-0.03373919799923897,-0.03369204327464104,-0.03176053985953331,-0.029070934280753136,-0.03707331046462059,-0.03526283800601959,-0.03199741616845131,0.623618483543396,0.5877580046653748,0.5594652891159058,0.5400674939155579,0.5211603045463562,0.579975426197052,0.5516585111618042,0.5560217499732971,0.5667192935943604,0.5958816409111023,0.5668038129806519,0.5688457489013672,0.578171968460083,0.6125532984733582,0.5863058567047119,0.5836186408996582,0.589623749256134,0.6293834447860718,0.6094813346862793,0.599879801273346,0.6002300977706909,0.6521875262260437,0.6325080990791321,0.5949581861495972,0.571239709854126,0.5602858662605286,0.5043254494667053,0.5066977739334106,0.5469776391983032,0.5624959468841553,0.5020400881767273,0.5100100636482239,0.5532355904579163,0.5660739541053772,0.5107889175415039,0.5172781348228455,0.5561278462409973,0.570615828037262,0.5280473828315735,0.5259812474250793,0.5553032755851746,0.5750665068626404,-3.093855127644929e-07,-0.003957140259444714,-0.007694660220295191,-0.013424983248114586,-0.017225373536348343,0.005098879802972078,-0.00872525293380022,-0.018407996743917465,-0.02337484434247017,0.0004582643450703472,-0.012201656587421894,-0.015849322080612183,-0.015924759209156036,-0.006716968957334757,-0.01886172592639923,-0.015626899898052216,-0.010653143748641014,-0.014820259995758533,-0.021579744294285774,-0.01801264099776745,-0.01314435712993145
31,0.007484495639801025,-0.0650065541267395,0.0,0.5556607246398926,-0.3278876543045044,-0.19740092754364014,0.0,0.2685767114162445,-0.02603125013411045,0.0410408703610301,0.0,0.05674111098051071,0.6281376481056213,0.3651774227619171,0.7629755735397339,0.2663195729255676,0.6471089124679565,0.3401232361793518,0.6162452101707458,0.36987313628196716,0.600832998752594,0.38308361172676086,0.6035516262054443,0.38173139095306396,0.5114668607711792,0.5234421491622925,0.8710466623306274,0.925250232219696,0.630896806716919,0.6740313172340393,0.5787517428398132,0.6237422823905945,0.5433051586151123,0.5835521221160889,0.5578228831291199,0.5958698391914368,-0.14646363258361816,-0.20363910496234894,-0.5467659831047058,-0.5858618021011353,-1.2661290168762207,-1.3151171207427979,-1.3888498544692993,-1.4343117475509644,-1.324901819229126,-1.4117153882980347,-1.2534376382827759,-1.3171772956848145,0.3489235043525696,0.3793758749961853,0.4037647247314453,0.42191970348358154,0.44103264808654785,0.37809231877326965,0.4026983976364136,0.4021177589893341,0.39520660042762756,0.35828959941864014,0.3871893882751465,0.3886834979057312,0.3827754259109497,0.3398987054824829,0.3684147000312805,0.37408098578453064,0.3704593777656555,0.32376083731651306,0.345615416765213,0.35790932178497314,0.3628648519515991,0.6730253100395203,0.649890661239624,0.618276059627533,0.5997384190559387,0.5926940441131592,0.5256247520446777,0.5358965992927551,0.57420814037323,0.5876187086105347,0.5283350348472595,0.5471805930137634,0.5854039192199707,0.5966441631317139,0.544249415397644,0.5611657500267029,0.5967507362365723,0.6102909445762634,0.5691748857498169,0.5758839249610901,0.6019335389137268,0.618378221988678,-5.64626354560005e-08,-0.005538666620850563,-0.01329128909856081,-0.022692402824759483,-0.03129160776734352,-0.005667691119015217,-0.01904146559536457,-0.028929194435477257,-0.034670956432819366,-0.010328438133001328,-0.02082855813205242,-0.025218546390533447,-0.027499839663505554,-0.01633373647928238,-0.026887618005275726,-0.026125457137823105,-0.024076195433735847,-0.023021752014756203,-0.028992675244808197,-0.025635968893766403,-0.021577294915914536,0.6241745948791504,0.592532753944397,0.5672222375869751,0.5514678359031677,0.5358046889305115,0.5864360332489014,0.5598994493484497,0.5645393133163452,0.5748118162155151,0.6026027798652649,0.5751119256019592,0.5787566304206848,0.5886832475662231,0.6194648742675781,0.5939958691596985,0.5931760668754578,0.6004068851470947,0.6371809840202332,0.617017924785614,0.6084856986999512,0.6098006963729858,0.6324189901351929,0.6119575500488281,0.573371946811676,0.5465272665023804,0.5278723835945129,0.4835008680820465,0.4842205047607422,0.5249793529510498,0.5392768979072571,0.48192286491394043,0.4870385527610779,0.5307912826538086,0.5446790456771851,0.49010854959487915,0.49303293228149414,0.532397449016571,0.5480219125747681,0.5061690211296082,0.5008163452148438,0.5295194387435913,0.5492690205574036,-3.0236324732868525e-07,-0.004196208901703358,-0.007463028654456139,-0.012498654425144196,-0.015556400641798973,0.004832857754081488,-0.007813324220478535,-0.01653551310300827,-0.020943209528923035,0.0006850723875686526,-0.011140990070998669,-0.013841910287737846,-0.013252099975943565,-0.00589374452829361,-0.017193054780364037,-0.013138576410710812,-0.007648424711078405,-0.01344243437051773,-0.01976843923330307,-0.015841467306017876,-0.010620394721627235
32,0.0072016119956970215,-0.06755101680755615,0.0,0.5547624230384827,-0.3273434042930603,-0.19825482368469238,0.0,0.2727794945240021,-0.02472370956093073,0.04220013599842787,0.0,0.05897227302193642,0.6278623342514038,0.3636542558670044,0.7639397978782654,0.26550716161727905,0.6584269404411316,0.3352296054363251,0.6282742619514465,0.36550650000572205,0.613946259021759,0.3767302632331848,0.6157201528549194,0.3745623230934143,0.5111660361289978,0.5242926478385925,0.8717281222343445,0.930450975894928,0.6334425806999207,0.6694161295890808,0.5785481929779053,0.6148435473442078,0.5366052389144897,0.5751472115516663,0.5520705580711365,0.5876030325889587,-0.14396733045578003,-0.20788972079753876,-0.5415695309638977,-0.610422670841217,-1.2816063165664673,-1.3549057245254517,-1.4077237844467163,-1.4762117862701416,-1.3484251499176025,-1.4547498226165771,-1.271328091621399,-1.35702645778656,0.351468563079834,0.3777945041656494,0.39919644594192505,0.4149891138076782,0.43323394656181335,0.3702244162559509,0.3956775367259979,0.39717113971710205,0.39166486263275146,0.3510417342185974,0.3798498213291168,0.3827327787876129,0.37740540504455566,0.33364829421043396,0.36188873648643494,0.3674624264240265,0.3632957339286804,0.3184952735900879,0.3401110768318176,0.35185062885284424,0.3553612232208252,0.663731038570404,0.6398268938064575,0.607668936252594,0.5880963802337646,0.5792667865753174,0.5177013874053955,0.5222495794296265,0.560990035533905,0.5776909589767456,0.5202217102050781,0.5334113836288452,0.5728593468666077,0.5864391326904297,0.5355293154716492,0.547785758972168,0.5851556062698364,0.6007359623908997,0.559426486492157,0.5604794025421143,0.5871483683586121,0.6045435070991516,-6.529911900088337e-08,-0.006568063050508499,-0.014931879937648773,-0.0246123094111681,-0.033273834735155106,-0.007272286806255579,-0.020344683900475502,-0.029269903898239136,-0.03410010412335396,-0.011054173111915588,-0.02140776626765728,-0.025082357227802277,-0.02671404741704464,-0.016159800812602043,-0.026723865419626236,-0.025266624987125397,-0.022544460371136665,-0.02193775400519371,-0.027638107538223267,-0.023631207644939423,-0.019082367420196533,0.6265763640403748,0.5961846709251404,0.5703819394111633,0.5560218095779419,0.5464007258415222,0.5916234850883484,0.566664457321167,0.5722432732582092,0.5824428796768188,0.6084825396537781,0.5822874903678894,0.5869505405426025,0.596938967704773,0.6254337430000305,0.6007434725761414,0.6009869575500488,0.6091532707214355,0.642500638961792,0.6223163604736328,0.6149958372116089,0.6171967387199402,0.6210017204284668,0.6001293659210205,0.5619282722473145,0.5337305665016174,0.5094316601753235,0.470652312040329,0.4724422097206116,0.5144397616386414,0.5268944501876831,0.4684593081474304,0.477266401052475,0.522602915763855,0.5326898694038391,0.47660887241363525,0.4842499792575836,0.5257434844970703,0.5368464589118958,0.49333417415618896,0.4892991781234741,0.5192400217056274,0.5362916588783264,-2.982840214826865e-07,-0.005750225856900215,-0.009619245305657387,-0.014799583703279495,-0.01756266877055168,0.00391421839594841,-0.009148726239800453,-0.017598934471607208,-0.02182788774371147,0.0002268677344545722,-0.012570943683385849,-0.0147267309948802,-0.013378421775996685,-0.006182592362165451,-0.019162142649292946,-0.014297524467110634,-0.007603471167385578,-0.013679410330951214,-0.02072862535715103,-0.01605009287595749,-0.009908689185976982
33,0.005898833274841309,-0.06828075647354126,0.0,0.5537781119346619,-0.3270084410905838,-0.1960510015487671,0.0,0.2776150703430176,-0.036091260612010956,0.036992236971855164,0.0,0.05866406485438347,0.6278331279754639,0.36265602707862854,0.7644856572151184,0.2650337815284729,0.6642925143241882,0.3305383622646332,0.6355653405189514,0.3578614294528961,0.6209160685539246,0.3688753843307495,0.621426522731781,0.36749619245529175,0.5112419724464417,0.5307741761207581,0.8719720244407654,0.9351220726966858,0.6372071504592896,0.6698753237724304,0.5765550136566162,0.6121787428855896,0.5343149900436401,0.5719338655471802,0.5518600344657898,0.5852698683738708,-0.15059685707092285,-0.207535058259964,-0.5644456744194031,-0.604793131351471,-1.308535099029541,-1.3530828952789307,-1.4345630407333374,-1.4755924940109253,-1.3759827613830566,-1.4517695903778076,-1.2992651462554932,-1.355785846710205,0.35122647881507874,0.37664175033569336,0.3968230187892914,0.41016528010368347,0.4244672656059265,0.3683089017868042,0.39423686265945435,0.39387089014053345,0.3858177959918976,0.3489667475223541,0.37896233797073364,0.38042908906936646,0.3722566068172455,0.33169975876808167,0.35994067788124084,0.3648700714111328,0.3583320081233978,0.31631192564964294,0.33840474486351013,0.34956058859825134,0.35090795159339905,0.6695884466171265,0.6422016024589539,0.6083056330680847,0.5863723754882812,0.5745331645011902,0.5159411430358887,0.5208814144134521,0.5632875561714172,0.5750938057899475,0.5192781686782837,0.5337769389152527,0.5780333280563354,0.5855981111526489,0.5360230207443237,0.5493429899215698,0.5909410119056702,0.6012983918190002,0.5616834163665771,0.56292724609375,0.5932244658470154,0.6072220206260681,-1.337629811359875e-07,-0.007819068618118763,-0.016153540462255478,-0.02508407086133957,-0.03243589028716087,-0.007674629334360361,-0.020453058183193207,-0.02847152203321457,-0.03336004912853241,-0.011216925457119942,-0.021607164293527603,-0.02445397712290287,-0.025682251900434494,-0.01616170071065426,-0.027935102581977844,-0.025289306417107582,-0.021849386394023895,-0.021807577461004257,-0.028710506856441498,-0.023912154138088226,-0.0187560822814703,0.6300590634346008,0.6001588702201843,0.574861466884613,0.5611128211021423,0.5548059940338135,0.5953627824783325,0.5736343860626221,0.5780995488166809,0.5873109698295593,0.6129477024078369,0.5899554491043091,0.5928892493247986,0.6018927693367004,0.6304469108581543,0.6084882020950317,0.6074814200401306,0.6151394248008728,0.648034930229187,0.6287590265274048,0.6210269927978516,0.6232994794845581,0.6227155923843384,0.6022106409072876,0.5632591247558594,0.5339715480804443,0.5047320127487183,0.4759308099746704,0.4735885262489319,0.5143733024597168,0.5273998975753784,0.47309890389442444,0.47823306918144226,0.5233734250068665,0.5327293872833252,0.48006123304367065,0.48520660400390625,0.5277124047279358,0.5386222004890442,0.4954504370689392,0.490373820066452,0.5212140679359436,0.5380666255950928,-3.0670625505990756e-07,-0.006264242343604565,-0.010066217742860317,-0.01501509826630354,-0.01753263734281063,0.003523085964843631,-0.00999184139072895,-0.018456151708960533,-0.022578375414013863,7.147559517761692e-05,-0.01277550496160984,-0.014997193589806557,-0.013663794845342636,-0.006164302583783865,-0.019737085327506065,-0.015009126625955105,-0.00830873940140009,-0.013428273610770702,-0.020940162241458893,-0.016150448471307755,-0.0098640788346529
34,0.0052918195724487305,-0.06875255703926086,0.0,0.5538275837898254,-0.3200262486934662,-0.19426950812339783,0.0,0.28603461384773254,-0.04650291055440903,0.03210769034922123,0.0,0.05835886672139168,0.6277828812599182,0.3615364134311676,0.7644202709197998,0.265149861574173,0.6624235510826111,0.3271401524543762,0.6362663507461548,0.35205215215682983,0.6205361485481262,0.36419159173965454,0.6206815242767334,0.3638879656791687,0.5116220712661743,0.5367718935012817,0.8763673901557922,0.9413619041442871,0.6391658782958984,0.6769121289253235,0.5806076526641846,0.6214070320129395,0.5376484394073486,0.5810893774032593,0.5552414059638977,0.5944820642471313,-0.15657638013362885,-0.2034892439842224,-0.5602083802223206,-0.5943410396575928,-1.2884632349014282,-1.3470462560653687,-1.412589430809021,-1.4701554775238037,-1.359413504600525,-1.4473477602005005,-1.280590534210205,-1.3505237102508545,0.35131365060806274,0.3764832019805908,0.39633211493492126,0.40877267718315125,0.4161089360713959,0.36775657534599304,0.3918127715587616,0.39087188243865967,0.3828820288181305,0.3475518822669983,0.37575581669807434,0.37661731243133545,0.36779916286468506,0.32971540093421936,0.35660967230796814,0.36097297072410583,0.35390469431877136,0.31421399116516113,0.33603671193122864,0.3447731137275696,0.3434247672557831,0.675189197063446,0.6511975526809692,0.6205136179924011,0.5966342687606812,0.5771293044090271,0.5193833112716675,0.5338641405105591,0.5753934979438782,0.5848647356033325,0.5239697098731995,0.5476148128509521,0.5907908082008362,0.5944344401359558,0.542062520980835,0.5646339654922485,0.6030531525611877,0.607848048210144,0.5686453580856323,0.578041136264801,0.6067668795585632,0.6161028146743774,-1.473176070021509e-07,-0.010878440923988819,-0.020376574248075485,-0.02987692877650261,-0.037593476474285126,-0.008844727650284767,-0.023033058270812035,-0.03266459330916405,-0.03857502341270447,-0.01115530263632536,-0.022553181275725365,-0.026475001126527786,-0.028386255726218224,-0.015281007625162601,-0.027257947251200676,-0.024957699701189995,-0.021966762840747833,-0.02050679363310337,-0.02736923284828663,-0.022897517308592796,-0.018028616905212402,0.6291347146034241,0.6017805337905884,0.5772603154182434,0.5629149675369263,0.5633116960525513,0.6030728816986084,0.5786126852035522,0.581911563873291,0.5910283923149109,0.6203694939613342,0.5942793488502502,0.596443235874176,0.6057769656181335,0.6369324922561646,0.6118032932281494,0.6106584668159485,0.6189980506896973,0.6526036262512207,0.6323415040969849,0.624929666519165,0.6282320022583008,0.6314616203308105,0.6111563444137573,0.5710534453392029,0.541485071182251,0.514673113822937,0.4783914387226105,0.48166513442993164,0.522874653339386,0.5333916544914246,0.47771716117858887,0.49143359065055847,0.535810112953186,0.5411074757575989,0.48783066868782043,0.500062882900238,0.5409948229789734,0.5473946928977966,0.5064805150032043,0.5067760944366455,0.5355573892593384,0.5488349795341492,-3.302125435311609e-07,-0.00725557142868638,-0.011736741289496422,-0.017192697152495384,-0.01996872015297413,0.002557639963924885,-0.011573000811040401,-0.02007732354104519,-0.0241203922778368,-0.000413710018619895,-0.013399576768279076,-0.014974338002502918,-0.013176661916077137,-0.006299447268247604,-0.019653744995594025,-0.014139506034553051,-0.00689571350812912,-0.013453591614961624,-0.0202482920140028,-0.015259312465786934,-0.008848242461681366
35,0.003572434186935425,-0.06853047013282776,0.0,0.5554848909378052,-0.3125081956386566,-0.190834641456604,0.0,0.3001715838909149,-0.043074605986475945,0.03435438685119152,0.0,0.05756998062133789,0.6279662251472473,0.3608812987804413,0.7641296982765198,0.26569169759750366,0.6649158596992493,0.3258671164512634,0.6392994523048401,0.3501950204372406,0.6245648860931396,0.3625090420246124,0.6246377825737,0.36331626772880554,0.5178206562995911,0.549471914768219,0.8897749781608582,0.9490921497344971,0.6467137932777405,0.6825215220451355,0.5903500914573669,0.6287552714347839,0.5472326874732971,0.5884186625480652,0.5653258562088013,0.6030649542808533,-0.2322162240743637,-0.22900491952896118,-0.6407870650291443,-0.6206203699111938,-1.3714520931243896,-1.4029254913330078,-1.496523380279541,-1.5286026000976562,-1.4448305368423462,-1.5024852752685547,-1.3642640113830566,-1.4067246913909912,0.3485124409198761,0.3744470775127411,0.395001620054245,0.40575000643730164,0.40740448236465454,0.36561208963394165,0.3901044428348541,0.3882847726345062,0.3801228106021881,0.3440496325492859,0.3729671835899353,0.3726452589035034,0.36381763219833374,0.32558566331863403,0.3530868887901306,0.3571350574493408,0.3507963716983795,0.31055015325546265,0.3323010206222534,0.34036481380462646,0.3391176164150238,0.6915571689605713,0.6668924689292908,0.636535108089447,0.6130397915840149,0.5919226408004761,0.531728208065033,0.5523478984832764,0.5953589677810669,0.6044650673866272,0.5372034311294556,0.5682385563850403,0.61168372631073,0.6150787472724915,0.5577975511550903,0.5843280553817749,0.6222012639045715,0.6263250112533569,0.5873464941978455,0.5988426208496094,0.6265743970870972,0.6349106431007385,-1.908147595486298e-07,-0.00951017253100872,-0.01795731671154499,-0.026582736521959305,-0.03343220800161362,-0.008073217235505581,-0.023171288892626762,-0.03403055667877197,-0.040681108832359314,-0.011131464503705502,-0.02276061847805977,-0.02726052515208721,-0.0298853050917387,-0.015956668183207512,-0.027511628344655037,-0.02523849532008171,-0.022630726918578148,-0.02186967059969902,-0.027987156063318253,-0.023301079869270325,-0.018550241366028786,0.6312258243560791,0.604141354560852,0.5777353644371033,0.5631127953529358,0.5681150555610657,0.6059509515762329,0.5800290107727051,0.5833993554115295,0.5936273336410522,0.6234496235847473,0.5956268310546875,0.5977987051010132,0.6079050898551941,0.6400226354598999,0.6132964491844177,0.6119718551635742,0.6209736466407776,0.6555996537208557,0.634396493434906,0.6269531846046448,0.6306830644607544,0.6487759947776794,0.629665195941925,0.5905965566635132,0.5596340298652649,0.5354080200195312,0.49484291672706604,0.5014158487319946,0.5434820055961609,0.5544719099998474,0.4940088391304016,0.5135467052459717,0.5576723217964172,0.5626010894775391,0.5054168105125427,0.5227273106575012,0.5630654096603394,0.5686001777648926,0.5257741212844849,0.5293563604354858,0.5584893822669983,0.5712528228759766,-3.314661967124266e-07,-0.008874054998159409,-0.014480614103376865,-0.020586803555488586,-0.023785272613167763,0.0011864254483953118,-0.013726044446229935,-0.02312997356057167,-0.02779155969619751,-0.0010599404340609908,-0.014501059427857399,-0.01631808839738369,-0.014667453244328499,-0.00637341383844614,-0.019745314493775368,-0.014182483777403831,-0.007016296032816172,-0.013214119710028172,-0.019925732165575027,-0.014921355061233044,-0.008492764085531235
36,0.0031205415725708008,-0.06895661354064941,0.0,0.5559481382369995,-0.3077832907438278,-0.1927160620689392,0.0,0.3153819739818573,-0.0538534764200449,0.02906442992389202,0.0,0.055751025676727295,0.6286770701408386,0.36031877994537354,0.7644999623298645,0.265938937664032,0.6674975156784058,0.32562389969825745,0.6413852572441101,0.3504558503627777,0.6270281076431274,0.36180931329727173,0.6265555024147034,0.3628273606300354,0.5225647687911987,0.560149610042572,0.9063096046447754,0.9583632946014404,0.6483203768730164,0.6932177543640137,0.600182831287384,0.6374778747558594,0.5587161779403687,0.5974262356758118,0.574510931968689,0.6083257794380188,-0.2606552839279175,-0.24540486931800842,-0.6566852331161499,-0.6272014379501343,-1.3806402683258057,-1.4147884845733643,-1.5056402683258057,-1.5387779474258423,-1.455292820930481,-1.5146244764328003,-1.3730747699737549,-1.4182178974151611,0.348722368478775,0.3746737539768219,0.3960331380367279,0.40716254711151123,0.4035060703754425,0.3630400598049164,0.38786450028419495,0.38768595457077026,0.37993448972702026,0.34193408489227295,0.37110430002212524,0.3723081052303314,0.36402231454849243,0.32356053590774536,0.3518443703651428,0.356173574924469,0.34978049993515015,0.3086419105529785,0.33130285143852234,0.3392973840236664,0.33740270137786865,0.7158280611038208,0.6909756660461426,0.6608973741531372,0.6370847821235657,0.6166161298751831,0.5535762906074524,0.5752744674682617,0.6173496246337891,0.6287898421287537,0.5605566501617432,0.5924463868141174,0.6359051465988159,0.6416838765144348,0.5821356177330017,0.6119120717048645,0.6499638557434082,0.6558400392532349,0.6124423146247864,0.6265628337860107,0.6543275117874146,0.6631432771682739,-1.8198154805304512e-07,-0.011120816692709923,-0.02056177519261837,-0.02991042099893093,-0.03742599859833717,-0.009569193236529827,-0.02535870671272278,-0.03701156750321388,-0.043969787657260895,-0.012019778601825237,-0.023616211488842964,-0.028313281014561653,-0.031098946928977966,-0.01641547866165638,-0.027882402762770653,-0.025949720293283463,-0.023500120267271996,-0.022122202441096306,-0.027961382642388344,-0.02358737774193287,-0.0191073976457119,0.6339443922042847,0.6062374114990234,0.5797181129455566,0.5660737752914429,0.5767660140991211,0.6104607582092285,0.5833296775817871,0.5866584181785583,0.5966415405273438,0.6285856366157532,0.5997634530067444,0.602015495300293,0.6123093962669373,0.6453801393508911,0.6180601119995117,0.6165791749954224,0.6264901161193848,0.6605029702186584,0.6387240290641785,0.6310736536979675,0.6355275511741638,0.6787067651748657,0.6583183407783508,0.6152948141098022,0.5815626978874207,0.5653250217437744,0.5180784463882446,0.5259214043617249,0.5699036121368408,0.5782158374786377,0.5194904804229736,0.5404528379440308,0.587378203868866,0.5894956588745117,0.5334472060203552,0.5527907609939575,0.5952212810516357,0.5980988144874573,0.5561337471008301,0.5618201494216919,0.5917958617210388,0.6026824712753296,-3.5286618071950215e-07,-0.009439202956855297,-0.015866165980696678,-0.022666944190859795,-0.026451393961906433,-0.0004755453555844724,-0.015893666073679924,-0.025187676772475243,-0.029946446418762207,-0.0030218816827982664,-0.016722895205020905,-0.017489397898316383,-0.015110605396330357,-0.008714944124221802,-0.022310785949230194,-0.01586802303791046,-0.008103352040052414,-0.016054706647992134,-0.022377625107765198,-0.016901778057217598,-0.010304165072739124
37,0.0032858848571777344,-0.07011884450912476,0.0,0.5561628341674805,-0.3052563965320587,-0.19407376646995544,0.0,0.33108001947402954,-0.061554016545414925,0.024227535352110863,0.0,0.05595393106341362,0.6289411783218384,0.3582753539085388,0.764523446559906,0.26823559403419495,0.6709213256835938,0.3235497772693634,0.6418589353561401,0.3483976721763611,0.6307297348976135,0.3568819761276245,0.6307522654533386,0.3572019040584564,0.5290822982788086,0.5831214189529419,0.9281263947486877,0.980262041091919,0.6770413517951965,0.7314015030860901,0.611211895942688,0.6573157906532288,0.5709811449050903,0.6205909252166748,0.5915641188621521,0.6354883909225464,-0.2836065888404846,-0.2456197291612625,-0.6551613211631775,-0.6187377572059631,-1.3603090047836304,-1.3831076622009277,-1.4817535877227783,-1.5137876272201538,-1.4340784549713135,-1.4977238178253174,-1.3525606393814087,-1.3869578838348389,0.34776318073272705,0.37390023469924927,0.39540499448776245,0.4064676761627197,0.40136104822158813,0.36280131340026855,0.3855985403060913,0.38610583543777466,0.3789215683937073,0.34132176637649536,0.36860400438308716,0.36982569098472595,0.36156338453292847,0.32242870330810547,0.3490258753299713,0.35310155153274536,0.34645703434944153,0.30711373686790466,0.3295283615589142,0.33681002259254456,0.33398932218551636,0.7447953224182129,0.7198387384414673,0.6892141699790955,0.6658811569213867,0.6470515131950378,0.5801700949668884,0.6052538156509399,0.6485178470611572,0.6616224646568298,0.5875910520553589,0.6234895586967468,0.6669530868530273,0.6726306676864624,0.6101880669593811,0.6438988447189331,0.6814740300178528,0.6861599683761597,0.6415101289749146,0.6591116189956665,0.6871440410614014,0.695476233959198,-2.1477855227658438e-07,-0.010918200947344303,-0.020319364964962006,-0.029938995838165283,-0.037802379578351974,-0.008495711721479893,-0.02489136904478073,-0.037173595279455185,-0.044455576688051224,-0.011372044682502747,-0.023363152518868446,-0.02864961326122284,-0.031858984380960464,-0.016312668099999428,-0.027935080230236053,-0.026599926874041557,-0.024619638919830322,-0.02266964316368103,-0.028438720852136612,-0.024420328438282013,-0.02029990777373314,0.6381005048751831,0.6095948815345764,0.5840551853179932,0.5698505640029907,0.5799732208251953,0.6143664121627808,0.5880149602890015,0.5908307433128357,0.6005814671516418,0.6329002976417542,0.6047083735466003,0.6061154007911682,0.6157205700874329,0.6500352621078491,0.6230686902999878,0.6205151081085205,0.6294142007827759,0.6650597453117371,0.6430369019508362,0.6353325843811035,0.639470100402832,0.711946427822113,0.6899765729904175,0.6469509601593018,0.6149200201034546,0.5972101092338562,0.5448988676071167,0.5569667220115662,0.6030126214027405,0.6131241917610168,0.5478483438491821,0.5737189054489136,0.6207736730575562,0.6242451071739197,0.5644189119338989,0.5875887274742126,0.6293526887893677,0.6331392526626587,0.5897416472434998,0.5985694527626038,0.6279456615447998,0.6385922431945801,-3.5944856335845543e-07,-0.01086911279708147,-0.018246756866574287,-0.025608327239751816,-0.02993689477443695,-0.0018109080847352743,-0.017955316230654716,-0.02831772156059742,-0.03368455544114113,-0.0035682874731719494,-0.017142290249466896,-0.018521202728152275,-0.01671246439218521,-0.00852879323065281,-0.021620644256472588,-0.015591691248118877,-0.008257292211055756,-0.015269634313881397,-0.021247494965791702,-0.015850648283958435,-0.009257788769900799
38,0.0022767484188079834,-0.06990006566047668,0.0,0.5555202960968018,-0.304574653506279,-0.19587144255638123,0.0,0.34713250398635864,-0.06444200873374939,0.022503580898046494,0.0,0.05410503223538399,0.6312580704689026,0.35671937465667725,0.7641881704330444,0.26935145258903503,0.671120822429657,0.32277724146842957,0.641082763671875,0.3468688726425171,0.6301498413085938,0.3542006313800812,0.6310239434242249,0.35475844144821167,0.5387332439422607,0.5936853289604187,0.9525586366653442,0.9979362487792969,0.721583902835846,0.7691784501075745,0.6547489166259766,0.6947408318519592,0.6150224804878235,0.6583224534988403,0.6297922134399414,0.6719670295715332,-0.2918255031108856,-0.24361222982406616,-0.6368856430053711,-0.5779483318328857,-1.2162827253341675,-1.3009247779846191,-1.323854684829712,-1.408644199371338,-1.274595022201538,-1.3863887786865234,-1.2053446769714355,-1.3043025732040405,0.347553014755249,0.3741399645805359,0.39573782682418823,0.40654006600379944,0.3987324833869934,0.3622324764728546,0.384280264377594,0.3841973543167114,0.37680792808532715,0.340231716632843,0.36707398295402527,0.3683711886405945,0.3603023886680603,0.3208668828010559,0.34795767068862915,0.3518548905849457,0.34473124146461487,0.3054348826408386,0.32882553339004517,0.33574843406677246,0.33201688528060913,0.7746872305870056,0.7503175139427185,0.7209011316299438,0.6973844766616821,0.6816766262054443,0.6092039942741394,0.6408758163452148,0.6838763356208801,0.6962478160858154,0.6180620193481445,0.6604441404342651,0.7029802203178406,0.7074291110038757,0.6423335671424866,0.6815500855445862,0.7178248763084412,0.7215194702148438,0.6752954125404358,0.6980063319206238,0.725906491279602,0.7328370809555054,-2.1570036778939539e-07,-0.012657752260565758,-0.02348046377301216,-0.03422550484538078,-0.04327228665351868,-0.01081172376871109,-0.028595414012670517,-0.04205169156193733,-0.050177425146102905,-0.013354425318539143,-0.02620236575603485,-0.03183369338512421,-0.035525619983673096,-0.01814213953912258,-0.030478697270154953,-0.029385868459939957,-0.027791142463684082,-0.024583440274000168,-0.031227856874465942,-0.027940580621361732,-0.024465568363666534,0.6389756202697754,0.6113623380661011,0.5860632658004761,0.5716227889060974,0.5832737684249878,0.6157829761505127,0.590171217918396,0.5930484533309937,0.6020898818969727,0.6350852847099304,0.6068655252456665,0.6083506345748901,0.61729496717453,0.6528618335723877,0.6257289052009583,0.6235591769218445,0.632145345211029,0.6683396697044373,0.6468172669410706,0.6393592357635498,0.643157958984375,0.7451402544975281,0.7234179973602295,0.6803758144378662,0.6467633843421936,0.6318557858467102,0.5791304707527161,0.5932002067565918,0.637509286403656,0.6473973989486694,0.582073986530304,0.6092529892921448,0.655471682548523,0.6595984697341919,0.5997752547264099,0.6248509287834167,0.6666231155395508,0.6710509657859802,0.6260603666305542,0.6368001699447632,0.667488694190979,0.6793661713600159,-3.5189182767680904e-07,-0.012636834755539894,-0.02107386291027069,-0.029137607663869858,-0.03422161564230919,-0.004297282546758652,-0.020684607326984406,-0.030737068504095078,-0.03594772145152092,-0.005538887809962034,-0.019594600424170494,-0.021025817841291428,-0.01920689269900322,-0.010028593242168427,-0.024174481630325317,-0.01848709024488926,-0.011251671239733696,-0.01634753867983818,-0.023500334471464157,-0.01843549869954586,-0.011999375186860561
39,0.0046256184577941895,-0.06806671619415283,0.0,0.5547358393669128,-0.30300483107566833,-0.19720396399497986,0.0,0.364310085773468,-0.06922255083918571,0.01939498260617256,0.0,0.054284848272800446,0.6329824328422546,0.35506948828697205,0.7623102068901062,0.27014514803886414,0.6715137958526611,0.32070082426071167,0.642108678817749,0.3453991115093231,0.631942093372345,0.35165587067604065,0.6336594223976135,0.35102608799934387,0.5491331219673157,0.5958840250968933,0.9653546214103699,1.0008386373519897,0.7644928097724915,0.8041434288024902,0.7089881300926208,0.7438449263572693,0.6655925512313843,0.7001492381095886,0.6749061942100525,0.7111247181892395,-0.3315672278404236,-0.2709333598613739,-0.6398717164993286,-0.5770497918128967,-1.281172513961792,-1.3316729068756104,-1.3992539644241333,-1.4475204944610596,-1.3634141683578491,-1.4342715740203857,-1.2764073610305786,-1.3399195671081543,0.3463978171348572,0.3736749291419983,0.3957518935203552,0.40650078654289246,0.39760729670524597,0.36228489875793457,0.38286054134368896,0.38330358266830444,0.3769932985305786,0.3400915861129761,0.36552682518959045,0.36721011996269226,0.36006617546081543,0.32055774331092834,0.34613263607025146,0.35002076625823975,0.3437469005584717,0.30493059754371643,0.3263236880302429,0.3331778645515442,0.3301117718219757,0.8044172525405884,0.7808905839920044,0.7522910833358765,0.7288332581520081,0.7165544629096985,0.6392526030540466,0.6779074668884277,0.7199531197547913,0.7315242886543274,0.6493711471557617,0.6976743936538696,0.7379880547523499,0.7426860332489014,0.6747522950172424,0.7203906774520874,0.7542779445648193,0.7574905157089233,0.7081966400146484,0.7363283038139343,0.7623545527458191,0.7675201296806335,-2.257497726532165e-07,-0.013571329414844513,-0.02490822970867157,-0.035919345915317535,-0.04536836966872215,-0.012389866635203362,-0.030598890036344528,-0.04459400475025177,-0.053152281790971756,-0.014533575624227524,-0.027422534301877022,-0.03333788365125656,-0.03753546625375748,-0.018938198685646057,-0.031102288514375687,-0.030512945726513863,-0.029463786631822586,-0.025132538750767708,-0.03157612308859825,-0.028857598081231117,-0.026004889979958534,0.6392524838447571,0.612188458442688,0.587363600730896,0.573061466217041,0.5854392051696777,0.6174473166465759,0.5921542048454285,0.5948905944824219,0.6038163304328918,0.6377713084220886,0.6100813150405884,0.6112037897109985,0.6196732521057129,0.6557799577713013,0.6290585398674011,0.6264790892601013,0.6344617605209351,0.6709049940109253,0.6500641703605652,0.6418945789337158,0.6446104049682617,0.7804051041603088,0.7588968276977539,0.7168099284172058,0.684014618396759,0.6684842705726624,0.6124914884567261,0.6301918625831604,0.6747867465019226,0.6832106709480286,0.6171606779098511,0.648362398147583,0.6941108107566833,0.6974861025810242,0.6375329494476318,0.6657577157020569,0.7062605023384094,0.7100812792778015,0.6662914156913757,0.6790441274642944,0.7090508937835693,0.7208207845687866,-3.4885101740655955e-07,-0.014113463461399078,-0.023319752886891365,-0.03184572234749794,-0.037358563393354416,-0.006437480449676514,-0.023318037390708923,-0.03368963673710823,-0.03908109292387962,-0.007048818748444319,-0.021276930347085,-0.022797461599111557,-0.021142074838280678,-0.010955451056361198,-0.025283467024564743,-0.019788455218076706,-0.012707201763987541,-0.016810161992907524,-0.02407217212021351,-0.01914864405989647,-0.012810692191123962
40,0.0036309361457824707,-0.06872621178627014,0.0,0.5537865161895752,-0.30390655994415283,-0.19694429636001587,0.0,0.37852147221565247,-0.06798050925135612,0.019924256950616837,0.0,0.05484769120812416,0.6372343301773071,0.3547917306423187,0.7610156536102295,0.2742229998111725,0.6718040704727173,0.31907418370246887,0.6412613987922668,0.34484365582466125,0.6314752101898193,0.3498954176902771,0.6335693597793579,0.34867042303085327,0.5604700446128845,0.597276508808136,0.9779078960418701,1.0045918226242065,0.7976279258728027,0.8333691358566284,0.7582155466079712,0.7858354449272156,0.7031832337379456,0.7339867949485779,0.7089911103248596,0.7418870329856873,-0.3338838815689087,-0.27481845021247864,-0.6284329295158386,-0.552406370639801,-1.2876660823822021,-1.3289912939071655,-1.406638503074646,-1.4475746154785156,-1.379024624824524,-1.4379651546478271,-1.2868221998214722,-1.3397518396377563,0.34605053067207336,0.3729533851146698,0.39469775557518005,0.4051944315433502,0.39689522981643677,0.36328697204589844,0.3821486830711365,0.3830030858516693,0.3781684935092926,0.34033143520355225,0.3644895851612091,0.36664941906929016,0.36073774099349976,0.3204405605792999,0.3459259569644928,0.35020947456359863,0.34494394063949585,0.304627388715744,0.3266259431838989,0.3337203860282898,0.3313637375831604,0.8343304395675659,0.8110271692276001,0.784115195274353,0.7620478272438049,0.7541893124580383,0.6704689264297485,0.714164137840271,0.7556341290473938,0.7689332365989685,0.681639552116394,0.7349398136138916,0.7734648585319519,0.7790023684501648,0.708358108997345,0.7596898078918457,0.7913334369659424,0.7942169308662415,0.7426185607910156,0.7757896780967712,0.8013302087783813,0.8062726259231567,-2.249026493927886e-07,-0.013781145215034485,-0.025676647201180458,-0.03725302219390869,-0.04745393991470337,-0.0140754459425807,-0.0332365557551384,-0.0481393039226532,-0.057145532220602036,-0.016342410817742348,-0.029505359008908272,-0.03570668771862984,-0.04026220366358757,-0.020837217569351196,-0.03297460824251175,-0.032727159559726715,-0.032015133649110794,-0.027190618216991425,-0.03335904702544212,-0.03079414553940296,-0.028195485472679138,0.6393383145332336,0.6123800277709961,0.5878713726997375,0.5744434595108032,0.5873193144798279,0.6191580891609192,0.5949490070343018,0.5977726578712463,0.6069785356521606,0.6403100490570068,0.614154577255249,0.614578127861023,0.6230618953704834,0.6586939096450806,0.6335873007774353,0.6299628615379333,0.6376168131828308,0.6741733551025391,0.6544989347457886,0.645674467086792,0.6480812430381775,0.8158458471298218,0.7952501177787781,0.7536742687225342,0.7215373516082764,0.7077462077140808,0.6466479897499084,0.6692418456077576,0.7141818404197693,0.719967246055603,0.6523130536079407,0.6887218356132507,0.7344581484794617,0.7353997230529785,0.6741905808448792,0.7076590657234192,0.7471937537193298,0.7487773299217224,0.7040420770645142,0.7213542461395264,0.7508752942085266,0.7603622078895569,-3.4912920909846434e-07,-0.01572483964264393,-0.02567734196782112,-0.03449408337473869,-0.04010850563645363,-0.008810317143797874,-0.026136470958590508,-0.03662870079278946,-0.042154937982559204,-0.008867769502103329,-0.02352677285671234,-0.025096053257584572,-0.02352604642510414,-0.01226896047592163,-0.02686552330851555,-0.02124939300119877,-0.014162808656692505,-0.01778983883559704,-0.024795174598693848,-0.01975393109023571,-0.013475465588271618
41,0.0021224915981292725,-0.06997838616371155,0.0,0.554491400718689,-0.307601660490036,-0.19977322220802307,0.0,0.391419380903244,-0.07287509739398956,0.018426846712827682,0.0,0.05411238223314285,0.6396520137786865,0.3548392057418823,0.75799560546875,0.2825866639614105,0.6715582013130188,0.3191145956516266,0.6411898136138916,0.3460400700569153,0.6324135065078735,0.3503801226615906,0.6343599557876587,0.3487167954444885,0.5715052485466003,0.6051603555679321,0.9866185188293457,0.9999296069145203,0.823364794254303,0.8665816783905029,0.7953509092330933,0.8256533741950989,0.7389025092124939,0.7693278193473816,0.7420897483825684,0.7744050025939941,-0.34206897020339966,-0.294060617685318,-0.6239222288131714,-0.5480250716209412,-1.2894567251205444,-1.3173682689666748,-1.4081218242645264,-1.43891441822052,-1.3850001096725464,-1.4376156330108643,-1.290886640548706,-1.3329968452453613,0.34366193413734436,0.37094029784202576,0.3930169641971588,0.40364304184913635,0.39785224199295044,0.3646354675292969,0.38189786672592163,0.38233962655067444,0.3778423070907593,0.3414289951324463,0.36397483944892883,0.36556264758110046,0.35988321900367737,0.3211357295513153,0.34452345967292786,0.34876546263694763,0.3444252014160156,0.30455365777015686,0.32473230361938477,0.3323049545288086,0.3313138782978058,0.8662739992141724,0.8439115285873413,0.8181734085083008,0.7967048287391663,0.791374921798706,0.7046457529067993,0.7531840801239014,0.7937237620353699,0.8050737380981445,0.7154631018638611,0.773033082485199,0.81158447265625,0.8162907958030701,0.7421092987060547,0.7958093881607056,0.8262696862220764,0.8283132314682007,0.7759703397750854,0.811901330947876,0.836264431476593,0.840157687664032,-2.2114576836429478e-07,-0.014486394822597504,-0.026928624138236046,-0.03893239423632622,-0.04978472739458084,-0.015377581119537354,-0.03456888347864151,-0.04960651695728302,-0.05892404168844223,-0.017452534288167953,-0.03039001300930977,-0.03642715886235237,-0.04112384468317032,-0.021734166890382767,-0.03349659964442253,-0.03296167030930519,-0.03234828636050224,-0.027979476377367973,-0.03376451134681702,-0.030994322150945663,-0.028448784723877907,0.6428545117378235,0.6143819689750671,0.5885276794433594,0.5756986141204834,0.5884988307952881,0.6183082461357117,0.5966848134994507,0.5998624563217163,0.6085623502731323,0.6405219435691833,0.6173023581504822,0.6178967952728271,0.6255496144294739,0.6597613096237183,0.6372960805892944,0.6339004039764404,0.6401495933532715,0.6763549447059631,0.6583502292633057,0.6499474048614502,0.6510129570960999,0.8522156476974487,0.8320943117141724,0.7917667031288147,0.7597488760948181,0.7520410418510437,0.6799776554107666,0.7124454975128174,0.756211519241333,0.7609053254127502,0.6852652430534363,0.7320398688316345,0.77585768699646,0.7763248682022095,0.7075822353363037,0.7527257800102234,0.7893408536911011,0.7901119589805603,0.737992525100708,0.766055703163147,0.794468343257904,0.8018514513969421,-3.4848429208977905e-07,-0.01588793843984604,-0.02601819485425949,-0.0345853753387928,-0.03988991677761078,-0.010556216351687908,-0.02678867056965828,-0.03658647462725639,-0.04185078665614128,-0.010453430935740471,-0.023929161950945854,-0.025240125134587288,-0.023883143439888954,-0.01338766049593687,-0.026481229811906815,-0.02122107706964016,-0.014947600662708282,-0.018546419218182564,-0.024491095915436745,-0.019723983481526375,-0.013996930792927742
42,0.00119096040725708,-0.07156670093536377,0.0,0.5550118088722229,-0.31276431679725647,-0.20198550820350647,0.0,0.4040636718273163,-0.0747273713350296,0.0189209021627903,0.0,0.054930634796619415,0.6408389806747437,0.35492101311683655,0.7542083263397217,0.2856377363204956,0.6710158586502075,0.3180108070373535,0.6414416432380676,0.34434911608695984,0.632642388343811,0.3495589792728424,0.6338708996772766,0.34788399934768677,0.584109365940094,0.6118252277374268,0.9881379008293152,0.9966562986373901,0.8560275435447693,0.8891922235488892,0.8307932019233704,0.8566905856132507,0.7807875871658325,0.8017641305923462,0.7799578905105591,0.8044300079345703,-0.30591586232185364,-0.2682192921638489,-0.545458197593689,-0.47729942202568054,-1.2184447050094604,-1.2224183082580566,-1.3413002490997314,-1.349291443824768,-1.328847050666809,-1.361745834350586,-1.2262383699417114,-1.2425442934036255,0.34262338280677795,0.3694305121898651,0.39125531911849976,0.40288278460502625,0.3984276354312897,0.36378031969070435,0.3812655210494995,0.381807416677475,0.37736499309539795,0.3403063118457794,0.3636462390422821,0.36481043696403503,0.3584898114204407,0.31982743740081787,0.3440120816230774,0.34810587763786316,0.34336671233177185,0.3029957711696625,0.32352450489997864,0.3315969407558441,0.33128780126571655,0.896752655506134,0.8739718198776245,0.8480377793312073,0.8293069005012512,0.8270336389541626,0.7381048798561096,0.7893061637878418,0.8266518115997314,0.8333759903907776,0.7491195201873779,0.8109297752380371,0.8456512689590454,0.8460708260536194,0.7769911289215088,0.8345759510993958,0.8634854555130005,0.8617377281188965,0.8122025728225708,0.8520716428756714,0.8744696974754333,0.8751283884048462,-1.9239556081629416e-07,-0.012640259228646755,-0.02430122345685959,-0.03596070036292076,-0.04662881791591644,-0.014513624832034111,-0.03336266428232193,-0.04797973483800888,-0.057362210005521774,-0.01790904998779297,-0.030799690634012222,-0.03686745837330818,-0.041941769421100616,-0.02334590069949627,-0.03534400090575218,-0.03485383838415146,-0.034480344504117966,-0.030593926087021828,-0.03684975579380989,-0.03427482768893242,-0.03201212361454964,0.6434913873672485,0.6157572269439697,0.5906378626823425,0.5780889987945557,0.5883885025978088,0.6184169054031372,0.5987463593482971,0.6014714241027832,0.609123706817627,0.6419603824615479,0.6204066872596741,0.6206480264663696,0.6271170973777771,0.6619831919670105,0.6402901411056519,0.6368039846420288,0.6415819525718689,0.6787789463996887,0.6609399318695068,0.6537351608276367,0.654999852180481,0.8839370012283325,0.8655684590339661,0.8296387195587158,0.8010275363922119,0.791344165802002,0.714723527431488,0.7591104507446289,0.7994377613067627,0.80194091796875,0.7226018309593201,0.7795431613922119,0.8200355768203735,0.8196147084236145,0.7465165853500366,0.8011372685432434,0.8345667123794556,0.8333036303520203,0.7776238918304443,0.8134386539459229,0.8395892381668091,0.8432749509811401,-3.448011511864024e-07,-0.017271913588047028,-0.02854613959789276,-0.037786658853292465,-0.04389996454119682,-0.014508772641420364,-0.030812367796897888,-0.04038771241903305,-0.0455746166408062,-0.013954056426882744,-0.027679895982146263,-0.029489433392882347,-0.02883220463991165,-0.016188383102416992,-0.029274648055434227,-0.02469749189913273,-0.019262833520770073,-0.02066819556057453,-0.026859596371650696,-0.02267693728208542,-0.017539428547024727
43,0.0023415684700012207,-0.0707288384437561,0.0,0.5539752840995789,-0.31376099586486816,-0.20135852694511414,0.0,0.4181004762649536,-0.07410504296422005,0.017794769257307053,0.0,0.054832637310028076,0.6426019668579102,0.3549552857875824,0.7532759308815002,0.2859063148498535,0.6745702624320984,0.3164645731449127,0.6430372595787048,0.34437593817710876,0.6332536339759827,0.3504149317741394,0.6342964768409729,0.34831637144088745,0.6007310748100281,0.6175732612609863,0.9919705986976624,0.9948832392692566,0.8940060138702393,0.9129055142402649,0.8632586002349854,0.886162519454956,0.8151912689208984,0.8311875462532043,0.815367579460144,0.8324423432350159,-0.3431743085384369,-0.3252450227737427,-0.6091030240058899,-0.5119311213493347,-1.3375704288482666,-1.2888867855072021,-1.4692885875701904,-1.4313960075378418,-1.4607397317886353,-1.4498984813690186,-1.3487117290496826,-1.3153547048568726,0.3214416801929474,0.36272862553596497,0.38860800862312317,0.4005536139011383,0.3955501914024353,0.365102082490921,0.38770589232444763,0.38104447722435,0.3702681362628937,0.34356433153152466,0.3684472143650055,0.3635405898094177,0.3552706837654114,0.32338595390319824,0.34820830821990967,0.34627479314804077,0.3396078646183014,0.3060914874076843,0.32713085412979126,0.3292131721973419,0.32404324412345886,0.9338680505752563,0.907244861125946,0.8796830773353577,0.8620023727416992,0.8582649827003479,0.7740602493286133,0.8186287879943848,0.8595530390739441,0.8623363375663757,0.7823259830474854,0.843709409236908,0.8774885535240173,0.8695956468582153,0.807957649230957,0.8717384934425354,0.8976216316223145,0.8876237273216248,0.8417444229125977,0.8929279446601868,0.9096996188163757,0.9003069400787354,-2.5025912009368767e-08,-0.01101130060851574,-0.021860970184206963,-0.03179670497775078,-0.03944046422839165,-0.0212845578789711,-0.0358198806643486,-0.04345882683992386,-0.04833849519491196,-0.024080341681838036,-0.036905884742736816,-0.039685122668743134,-0.042366571724414825,-0.02784041315317154,-0.03932560235261917,-0.037022560834884644,-0.03562023490667343,-0.03272533044219017,-0.03930266574025154,-0.03724721446633339,-0.03576786816120148,0.645086944103241,0.6163970828056335,0.5915251970291138,0.5792556405067444,0.5900040864944458,0.6212197542190552,0.5978617668151855,0.6002737879753113,0.6089774966239929,0.6448099613189697,0.6191396713256836,0.6200934052467346,0.6279969215393066,0.6645777821540833,0.6390522122383118,0.6367051005363464,0.6431947350502014,0.6809332966804504,0.6600991487503052,0.6541113257408142,0.6574836373329163,0.9176082015037537,0.8981236815452576,0.8630122542381287,0.8357184529304504,0.8296831846237183,0.7502546906471252,0.7929798364639282,0.8322010636329651,0.8327457308769226,0.7601075172424316,0.815589427947998,0.8546507954597473,0.853000819683075,0.7861155271530151,0.8395628929138184,0.8723213076591492,0.87092524766922,0.818581223487854,0.8542121648788452,0.8790150284767151,0.8826487064361572,-3.2589153420303774e-07,-0.01707535795867443,-0.02859376184642315,-0.03822819143533707,-0.044940706342458725,-0.014989706687629223,-0.030878158286213875,-0.040195245295763016,-0.04540763422846794,-0.014683251269161701,-0.027822136878967285,-0.029413199052214622,-0.028810199350118637,-0.017034273594617844,-0.02942548133432865,-0.024708028882741928,-0.019426243379712105,-0.02160959504544735,-0.027338899672031403,-0.023074230179190636,-0.018034012988209724
44,0.0019841790199279785,-0.07040810585021973,0.0,0.5536014437675476,-0.3126189112663269,-0.20107844471931458,0.0,0.430319607257843,-0.07401109114289284,0.01798706129193306,0.0,0.05474473908543587,0.6433498859405518,0.35510003566741943,0.7472860217094421,0.28571817278862,0.6735141277313232,0.31688472628593445,0.64307701587677,0.3449039161205292,0.633075475692749,0.35122066736221313,0.6334217190742493,0.34929975867271423,0.6128204464912415,0.6198154091835022,0.9940237402915955,0.9934871196746826,0.9147363305091858,0.9284269213676453,0.8880859017372131,0.9122133255004883,0.8447452783584595,0.8618351817131042,0.8433269262313843,0.8595019578933716,-0.4556514322757721,-0.4473457336425781,-0.7494660019874573,-0.6980416178703308,-1.4961011409759521,-1.4928098917007446,-1.6310577392578125,-1.6362271308898926,-1.6203879117965698,-1.6424791812896729,-1.5065531730651855,-1.5107530355453491,0.3364992141723633,0.36399856209754944,0.38634422421455383,0.39939290285110474,0.3955352008342743,0.35921457409858704,0.3807043731212616,0.3794589936733246,0.3728458881378174,0.33567091822624207,0.36204665899276733,0.3619004189968109,0.3553999662399292,0.3152717649936676,0.34290382266044617,0.34574881196022034,0.33994999527931213,0.29912513494491577,0.3223348557949066,0.32901108264923096,0.32686662673950195,0.9599267244338989,0.9362928867340088,0.9113484621047974,0.8925651907920837,0.8881111741065979,0.8013859391212463,0.850416362285614,0.887127697467804,0.8907378911972046,0.8116734623908997,0.8732098340988159,0.907049834728241,0.9033935070037842,0.838951051235199,0.9002946615219116,0.9282209277153015,0.9232859015464783,0.8733938336372375,0.9199061989784241,0.9409195184707642,0.9389781355857849,-1.157632354420457e-07,-0.0106418551877141,-0.021680712699890137,-0.032472021877765656,-0.04171184077858925,-0.01663549616932869,-0.03413357213139534,-0.046835120767354965,-0.05517580732703209,-0.02099432796239853,-0.03455100208520889,-0.04020245745778084,-0.04498548433184624,-0.026816122233867645,-0.039149340242147446,-0.038428328931331635,-0.03802909329533577,-0.03407351300120354,-0.040969960391521454,-0.03894711285829544,-0.03726502135396004,0.64850252866745,0.6184172630310059,0.5928431749343872,0.5790454745292664,0.5900665521621704,0.6244480013847351,0.5981554388999939,0.6004103422164917,0.6095519661903381,0.6473493576049805,0.6172603368759155,0.6188828349113464,0.6276253461837769,0.6665213108062744,0.636986494064331,0.6357731223106384,0.6432769298553467,0.6821214556694031,0.6586260795593262,0.6541190147399902,0.6591251492500305,0.9528844356536865,0.9314957857131958,0.895125150680542,0.8674008846282959,0.8667317628860474,0.7835683226585388,0.8261337876319885,0.8639420866966248,0.8646508455276489,0.7946645617485046,0.8496845960617065,0.8858964443206787,0.8840325474739075,0.8220106363296509,0.8742695450782776,0.9053247570991516,0.9038800597190857,0.8562073707580566,0.8920782208442688,0.9145159721374512,0.916887104511261,-3.090017060003447e-07,-0.016313688829541206,-0.02767917886376381,-0.03740016743540764,-0.044183399528265,-0.013951932080090046,-0.02904609404504299,-0.037913914769887924,-0.04306184500455856,-0.014025990851223469,-0.0266707930713892,-0.028220288455486298,-0.02773006446659565,-0.016655294224619865,-0.02829817123711109,-0.023799369111657143,-0.018917789682745934,-0.02150735817849636,-0.026866305619478226,-0.023076020181179047,-0.018554098904132843
45,0.0025128722190856934,-0.06903091073036194,0.0,0.5573629140853882,-0.313972532749176,-0.203065425157547,0.0,0.4392380118370056,-0.07529762014746666,0.02011026442050934,0.0,0.053318802267313004,0.6439899802207947,0.3555213212966919,0.7410500049591064,0.2884445786476135,0.6733039021492004,0.31534022092819214,0.6474438905715942,0.3413535952568054,0.6351845264434814,0.3501119911670685,0.63413405418396,0.34829017519950867,0.619081437587738,0.6214767098426819,0.9894150495529175,0.9861399531364441,0.9375272393226624,0.9415444135665894,0.9252990484237671,0.9342572689056396,0.8831696510314941,0.8840476274490356,0.876394510269165,0.8774884939193726,-0.39158499240875244,-0.4266958236694336,-0.6615027189254761,-0.5795091390609741,-1.3873580694198608,-1.3891679048538208,-1.5289119482040405,-1.5582795143127441,-1.5608149766921997,-1.6014939546585083,-1.433615803718567,-1.4295927286148071,0.3127039670944214,0.35605138540267944,0.3845021426677704,0.3959892988204956,0.39005497097969055,0.3566974401473999,0.38202959299087524,0.376375287771225,0.36485621333122253,0.33734533190727234,0.36414238810539246,0.3605622947216034,0.3527224361896515,0.318171888589859,0.3440227210521698,0.3416958749294281,0.33369967341423035,0.301382452249527,0.3228679597377777,0.32600945234298706,0.32047492265701294,0.9563606977462769,0.9286552667617798,0.9041813611984253,0.9012328386306763,0.9195326566696167,0.824962854385376,0.87877357006073,0.9144613146781921,0.9174299240112305,0.8413540124893188,0.90423983335495,0.9349979162216187,0.930279552936554,0.8718809485435486,0.9301466941833496,0.9524970054626465,0.9460660815238953,0.9059595465660095,0.9497343897819519,0.962435781955719,0.9559739828109741,9.069182738130621e-08,-0.010191325098276138,-0.02099996991455555,-0.030478399246931076,-0.03810524567961693,-0.029036415740847588,-0.03968241438269615,-0.04109455272555351,-0.04172453656792641,-0.03115290403366089,-0.038529716432094574,-0.03482608124613762,-0.03411506116390228,-0.03335270658135414,-0.039757754653692245,-0.0337686650454998,-0.030948033556342125,-0.03653106465935707,-0.03948605805635452,-0.03504949063062668,-0.03263452276587486,0.6676960587501526,0.6252769827842712,0.5957472324371338,0.5800532698631287,0.5918310284614563,0.623243510723114,0.5994824171066284,0.6063457727432251,0.6157500743865967,0.6458362936973572,0.6181516647338867,0.6232610940933228,0.6316059827804565,0.664940357208252,0.6372677087783813,0.6396512389183044,0.6454887390136719,0.6797258853912354,0.6581528186798096,0.6560755372047424,0.6595004796981812,0.9805881977081299,0.9600785970687866,0.9208333492279053,0.8952004909515381,0.8920813798904419,0.8152352571487427,0.8554477691650391,0.8918328285217285,0.8947382569313049,0.8228036165237427,0.8833544254302979,0.9134340286254883,0.9111934900283813,0.8474152088165283,0.9115153551101685,0.9350959658622742,0.9286008477210999,0.8815782070159912,0.9265873432159424,0.9453006982803345,0.9433585405349731,-3.07147530520524e-07,-0.009134913794696331,-0.01655556634068489,-0.024314627051353455,-0.03030756674706936,-0.008331647142767906,-0.02091730572283268,-0.028385533019900322,-0.03334009647369385,-0.011892733164131641,-0.023778827860951424,-0.026031309738755226,-0.0268798116594553,-0.01724196784198284,-0.02775433100759983,-0.02404014579951763,-0.020321717485785484,-0.02391015738248825,-0.02995847724378109,-0.027328310534358025,-0.02419525943696499
46,0.005234867334365845,-0.06615018844604492,0.0,0.5566641688346863,-0.31159883737564087,-0.20353084802627563,0.0,0.4492941200733185,-0.07499028742313385,0.020138822495937347,0.0,0.05290690064430237,0.6443196535110474,0.3559863269329071,0.7344059348106384,0.29084986448287964,0.6752947568893433,0.31486672163009644,0.6504085063934326,0.33829259872436523,0.6377906203269958,0.34780603647232056,0.6369268298149109,0.34629958868026733,0.6226410865783691,0.623236894607544,0.9858799576759338,0.9760180711746216,0.954045832157135,0.9685136675834656,0.9533529877662659,0.9593374729156494,0.9089784622192383,0.9087464809417725,0.8988515734672546,0.9027263522148132,-0.3662203848361969,-0.37635964155197144,-0.5702584981918335,-0.5095231533050537,-1.239946722984314,-1.2790088653564453,-1.3695423603057861,-1.421234130859375,-1.388372540473938,-1.4525493383407593,-1.262681484222412,-1.3069612979888916,0.33026471734046936,0.3605172336101532,0.38438206911087036,0.39658230543136597,0.38891902565956116,0.3516135513782501,0.37902548909187317,0.37694212794303894,0.3688775599002838,0.3281644582748413,0.36083918809890747,0.35927829146385193,0.351163387298584,0.3090955317020416,0.3417498767375946,0.3424464762210846,0.33400818705558777,0.29465359449386597,0.32102975249290466,0.3236168622970581,0.3157578706741333,0.9890344738960266,0.9600931406021118,0.9323025941848755,0.9229227900505066,0.9420543313026428,0.8433466553688049,0.8963065147399902,0.9325156807899475,0.9349727034568787,0.8561475872993469,0.9188933372497559,0.9508652091026306,0.9438264966011047,0.8845077753067017,0.9445174932479858,0.9680811166763306,0.9593214988708496,0.9177661538124084,0.9607445597648621,0.974514901638031,0.9659178853034973,-3.44795658691055e-08,-0.011244228109717369,-0.023467393592000008,-0.03460763022303581,-0.044585246592760086,-0.025500711053609848,-0.04026539996266365,-0.04837837815284729,-0.05421580374240875,-0.028780022636055946,-0.04062863439321518,-0.04222402349114418,-0.044957470148801804,-0.03278670459985733,-0.04374445229768753,-0.04204028099775314,-0.04156116768717766,-0.0379774235188961,-0.04503598064184189,-0.04400978982448578,-0.043539486825466156,0.6656205058097839,0.6270674467086792,0.6006162762641907,0.5861499309539795,0.5931081175804138,0.621841549873352,0.6003342270851135,0.6069521903991699,0.6179788112640381,0.6431416273117065,0.6191208958625793,0.6251099705696106,0.6340270638465881,0.6616272330284119,0.639030933380127,0.6417779326438904,0.6477417945861816,0.6760913729667664,0.6593033671379089,0.657380998134613,0.6604859232902527,0.9601361155509949,0.9560019969940186,0.9324474930763245,0.9190793633460999,0.9195061326026917,0.8380571007728577,0.8817511796951294,0.9146093726158142,0.9184519052505493,0.8474670052528381,0.9158220887184143,0.9465052485466003,0.9435449838638306,0.8740121722221375,0.9445159435272217,0.9659829139709473,0.9586691856384277,0.9086307287216187,0.9586856961250305,0.9754331111907959,0.9708160161972046,-2.2278396727415384e-07,-0.011863251216709614,-0.022282663732767105,-0.03231046721339226,-0.04124000295996666,-0.01833333633840084,-0.03223799169063568,-0.03959080949425697,-0.04423314332962036,-0.020761551335453987,-0.034340884536504745,-0.03713621571660042,-0.0386786051094532,-0.024454601109027863,-0.03587400168180466,-0.031913742423057556,-0.02854633331298828,-0.029467765241861343,-0.03772237151861191,-0.035427894443273544,-0.0326712541282177
47,0.0045532286167144775,-0.06588521599769592,0.0,0.5573040246963501,-0.31209826469421387,-0.20189225673675537,0.0,0.45747053623199463,-0.07149721682071686,0.02359641343355179,0.0,0.05322689935564995,0.6441873908042908,0.3560951352119446,0.7297457456588745,0.2906036078929901,0.6749657392501831,0.3149113059043884,0.649416983127594,0.3373027741909027,0.6370852589607239,0.3483755886554718,0.6365565061569214,0.34694400429725647,0.6280542016029358,0.623756468296051,0.9844703078269958,0.9733861684799194,0.9639047384262085,0.9640202522277832,0.9710410833358765,0.968366265296936,0.9296393990516663,0.9169855713844299,0.9179902076721191,0.9073523283004761,-0.42672616243362427,-0.4001936912536621,-0.6293768286705017,-0.5865548253059387,-1.3181248903274536,-1.3651736974716187,-1.4511653184890747,-1.5085346698760986,-1.4713712930679321,-1.5312045812606812,-1.341314435005188,-1.389699101448059,0.3060641884803772,0.3464882969856262,0.3766811192035675,0.39003312587738037,0.3856079578399658,0.35388514399528503,0.3775462508201599,0.37216809391975403,0.3595532476902008,0.33420470356941223,0.35987386107444763,0.3539639711380005,0.344797819852829,0.3154831826686859,0.3389347791671753,0.33632564544677734,0.32922959327697754,0.29983416199684143,0.3179762363433838,0.3181508481502533,0.3123234808444977,0.9548715353012085,0.9390692710876465,0.929009735584259,0.9369299411773682,0.9568935036659241,0.8593946695327759,0.920755922794342,0.9538650512695312,0.9526950120925903,0.8734545707702637,0.9442868828773499,0.970367968082428,0.9604972004890442,0.9016712307929993,0.964408278465271,0.9826438426971436,0.9715242385864258,0.9330404996871948,0.9783290028572083,0.9862689971923828,0.9750449657440186,7.709815719181279e-08,-0.010374008677899837,-0.020880794152617455,-0.02983563020825386,-0.037117425352334976,-0.029099557548761368,-0.03783844783902168,-0.03772589936852455,-0.037198469042778015,-0.030541900545358658,-0.036203429102897644,-0.031329888850450516,-0.02948923222720623,-0.03187863901257515,-0.03576553240418434,-0.028585536405444145,-0.025357086211442947,-0.03426568955183029,-0.03555095195770264,-0.030141940340399742,-0.027406292036175728,0.6489080190658569,0.6198345422744751,0.597291111946106,0.5820541977882385,0.5885645747184753,0.6301785111427307,0.6021829843521118,0.6052801609039307,0.6137682795524597,0.652770459651947,0.6190744042396545,0.6227412819862366,0.6308597922325134,0.6706817746162415,0.6372222304344177,0.638822078704834,0.6453164219856262,0.684788167476654,0.6583123803138733,0.6575291156768799,0.6633213758468628,1.004096508026123,0.9834319353103638,0.9553353786468506,0.9367318749427795,0.9411614537239075,0.8554059267044067,0.9001052975654602,0.9343054294586182,0.9357894062995911,0.8699076771736145,0.9268367886543274,0.9547713994979858,0.951897382736206,0.8991838097572327,0.9530518651008606,0.973700225353241,0.9706712961196899,0.9347127676010132,0.9734765887260437,0.9882120490074158,0.9875966906547546,-2.512578021196532e-07,-0.016486413776874542,-0.02839963138103485,-0.03861553221940994,-0.046790458261966705,-0.018477153033018112,-0.03198909014463425,-0.03929431363940239,-0.04381926357746124,-0.018561866134405136,-0.030382851138710976,-0.03180558606982231,-0.03206348791718483,-0.020650764927268028,-0.031093426048755646,-0.02671140991151333,-0.022674275562167168,-0.024704495444893837,-0.031493354588747025,-0.028537528589367867,-0.02482186071574688
48,0.0041787028312683105,-0.06674373149871826,0.0,0.5576168298721313,-0.3122577965259552,-0.20244193077087402,0.0,0.4621083438396454,-0.0717799924314022,0.023384585976600647,0.0,0.05394868925213814,0.644093930721283,0.35682445764541626,0.7247547507286072,0.2928547263145447,0.6748198866844177,0.317520409822464,0.6496805548667908,0.33768412470817566,0.636762797832489,0.34871959686279297,0.6359434127807617,0.3497332036495209,0.6318381428718567,0.6275389194488525,0.9805623292922974,0.9688706994056702,0.9789451360702515,0.9759938716888428,0.9905632734298706,0.9929410815238953,0.9524629712104797,0.9482947587966919,0.9412343502044678,0.9354538917541504,-0.558723509311676,-0.5155661106109619,-0.753933846950531,-0.7104684114456177,-1.3687390089035034,-1.4297053813934326,-1.4903779029846191,-1.56598699092865,-1.505338430404663,-1.574945092201233,-1.386069893836975,-1.4468402862548828,0.3111554980278015,0.3447319269180298,0.37302008271217346,0.3904910683631897,0.38741791248321533,0.34768378734588623,0.37531161308288574,0.3722783923149109,0.3624383211135864,0.32438716292381287,0.35789719223976135,0.35200735926628113,0.34278807044029236,0.30546095967292786,0.3368360996246338,0.33368954062461853,0.3273541331291199,0.290494441986084,0.3164467215538025,0.3151198625564575,0.30740833282470703,0.9518465399742126,0.9366912841796875,0.9310476779937744,0.9460672736167908,0.9702444672584534,0.8677938580513,0.93308025598526,0.9579029083251953,0.9575416445732117,0.8861495852470398,0.9587011337280273,0.9677038788795471,0.9519518613815308,0.9157661199569702,0.9800065755844116,0.9801526069641113,0.9631587266921997,0.9457613825798035,0.9925913214683533,0.9873013496398926,0.9718517661094666,6.469468871728168e-08,-0.012208494357764721,-0.024810604751110077,-0.03654114902019501,-0.04774138703942299,-0.028733080253005028,-0.04232034832239151,-0.04912923276424408,-0.05367415025830269,-0.03154531121253967,-0.04070020467042923,-0.03986522927880287,-0.04134141653776169,-0.03503475338220596,-0.0419178269803524,-0.03646548092365265,-0.034064654260873795,-0.04027711972594261,-0.044733092188835144,-0.0409761480987072,-0.038965608924627304,0.6659311652183533,0.6298696994781494,0.6030805110931396,0.589296817779541,0.5930535793304443,0.6261765360832214,0.6058127880096436,0.6066509485244751,0.619015634059906,0.6501215696334839,0.6235529184341431,0.6220522522926331,0.625452995300293,0.6693963408470154,0.6408122777938843,0.6424233317375183,0.6491742730140686,0.6838065981864929,0.6627169847488403,0.6629859805107117,0.6702712774276733,0.9192944169044495,0.9258226156234741,0.9340364933013916,0.9486792683601379,0.9632948040962219,0.8702739477157593,0.9200984835624695,0.9451281428337097,0.9498234987258911,0.8861680030822754,0.9518028497695923,0.9677899479866028,0.9578817486763,0.9110435843467712,0.9739887714385986,0.9779030084609985,0.9587213397026062,0.939912736415863,0.9833569526672363,0.9836463928222656,0.9671774506568909,-5.959983795378321e-08,-0.006456720642745495,-0.017072442919015884,-0.028297223150730133,-0.04034307971596718,-0.01809544675052166,-0.02973310649394989,-0.03649454936385155,-0.039973184466362,-0.022892797365784645,-0.030574802309274673,-0.031090475618839264,-0.03245073929429054,-0.02799972891807556,-0.036077987402677536,-0.030197376385331154,-0.02618696354329586,-0.033745553344488144,-0.0408858060836792,-0.03507109731435776,-0.030144736170768738
49,0.004699140787124634,-0.06644824147224426,0.0,0.5590514540672302,-0.3133951723575592,-0.20349234342575073,0.0,0.4689372181892395,-0.07043101638555527,0.024773944169282913,0.0,0.05434194952249527,0.6440408825874329,0.3582245111465454,0.7245862483978271,0.29846492409706116,0.6757556796073914,0.3197598457336426,0.6506460905075073,0.3376426100730896,0.6362923979759216,0.34912607073783875,0.6356324553489685,0.35032543540000916,0.6358789205551147,0.6320784091949463,0.9802900552749634,0.96302330493927,0.986261785030365,0.9986383318901062,1.0083236694335938,1.0114952325820923,0.9677430391311646,0.9702186584472656,0.9561102986335754,0.9581257104873657,-0.5169861912727356,-0.46206650137901306,-0.7264641523361206,-0.6623077392578125,-1.3579391241073608,-1.4015682935714722,-1.4883766174316406,-1.535321831703186,-1.4805902242660522,-1.5413963794708252,-1.3683806657791138,-1.4174903631210327,0.3267461061477661,0.35820531845092773,0.3823115825653076,0.39414307475090027,0.38573864102363586,0.3535020649433136,0.3738124966621399,0.3694227635860443,0.35945719480514526,0.3315073251724243,0.3554164171218872,0.3486267030239105,0.34001412987709045,0.31396153569221497,0.3356606066226959,0.33091118931770325,0.3243532180786133,0.3008934557437897,0.3167631924152374,0.31029677391052246,0.3004058003425598,0.9663910865783691,0.9553571939468384,0.9496322870254517,0.961547315120697,0.9838032126426697,0.8921533226966858,0.9520102143287659,0.9679827690124512,0.9619386196136475,0.90850430727005,0.9776422381401062,0.9795749187469482,0.9600902199745178,0.9348745346069336,0.9949420094490051,0.9912052154541016,0.9718614816665649,0.9615250825881958,1.0052109956741333,1.0001903772354126,0.9848207831382751,5.8036388139726114e-08,-0.011654229834675789,-0.018811803311109543,-0.025155067443847656,-0.030482212081551552,-0.010985837318003178,-0.0205344520509243,-0.028378887102007866,-0.03469504043459892,-0.011919304728507996,-0.019081395119428635,-0.023058686405420303,-0.028352441266179085,-0.014244365505874157,-0.020538248121738434,-0.020733991637825966,-0.022326555103063583,-0.0181786697357893,-0.022309061139822006,-0.021730845794081688,-0.02243667282164097,0.6528562307357788,0.6265780925750732,0.6069384217262268,0.5976399183273315,0.5981423258781433,0.6294660568237305,0.6045166850090027,0.6056279540061951,0.616371750831604,0.6520925164222717,0.6298426985740662,0.6320664286613464,0.6364550590515137,0.6718217730522156,0.6485778093338013,0.6517000198364258,0.6565470099449158,0.6869951486587524,0.676085352897644,0.6785407662391663,0.6848411560058594,0.9263415336608887,0.9346619844436646,0.9451754689216614,0.9634831547737122,0.9764111638069153,0.8882049322128296,0.9380526542663574,0.9624843001365662,0.9663470387458801,0.9007896780967712,0.9656795859336853,0.9746804237365723,0.9609131813049316,0.9222701191902161,0.98576420545578,0.985930323600769,0.9686720967292786,0.9464507102966309,0.9880030751228333,0.9910351037979126,0.9810108542442322,-5.7090609573151596e-08,-0.008419035002589226,-0.020020639523863792,-0.03095722757279873,-0.04336438328027725,-0.03332183510065079,-0.046900808811187744,-0.05391021445393562,-0.05811354145407677,-0.036871522665023804,-0.04727214202284813,-0.04776360094547272,-0.050010256469249725,-0.03996971994638443,-0.05080686882138252,-0.04672661051154137,-0.045042734593153,-0.04347381368279457,-0.05530136078596115,-0.052988383919000626,-0.051155973225831985
50,0.004408508539199829,-0.06635075807571411,0.0,0.5610492825508118,-0.3136700391769409,-0.20507246255874634,0.0,0.4730115234851837,-0.07164185494184494,0.02365288883447647,0.0,0.052989162504673004,0.6439387202262878,0.35917413234710693,0.7218961715698242,0.3056993782520294,0.6760193109512329,0.3197454810142517,0.6553333401679993,0.3334962725639343,0.6358078718185425,0.3480767607688904,0.6349420547485352,0.3503552973270416,0.6362441778182983,0.6342208981513977,0.9719756841659546,0.9433560371398926,0.9808210730552673,0.9933961033821106,1.0047718286514282,1.012999415397644,0.9703035950660706,0.9752560257911682,0.9590744376182556,0.9618323445320129,-0.36605215072631836,-0.27181750535964966,-0.5644428133964539,-0.47021666169166565,-1.1206942796707153,-1.193482518196106,-1.2354121208190918,-1.32306969165802,-1.247894048690796,-1.3450617790222168,-1.1361167430877686,-1.2188739776611328,0.3246971567471822,0.353815237681071,0.37779059012730914,0.3895055850346883,0.3855598469575246,0.3558558126290639,0.3753966689109802,0.3732661008834839,0.3657287259896596,0.33592210213343304,0.35872018337249756,0.35388079285621643,0.34703688820203143,0.3196047246456146,0.34098347028096515,0.3363036811351776,0.3299962381521861,0.3070027033487956,0.3234870533148448,0.3182097276051839,0.3095516463120778,0.9575647711753845,0.9473366538683573,0.9493326942125956,0.9668799440066019,0.988391101360321,0.8993008732795715,0.9583422342936198,0.9757280945777893,0.9718154271443685,0.9135724504788717,0.9807399113972982,0.9852741360664368,0.9697791735331217,0.9367596904436747,0.9965881506601969,0.9946310917536417,0.9776185552279154,0.9609930912653605,1.0066544612248738,1.003210147221883,0.9890925486882528,9.786301073215023e-08,-0.009721215969572464,-0.017867134883999825,-0.02544331115980943,-0.03223124022285143,-0.01652202010154724,-0.02740515147646268,-0.0346239743133386,-0.0397408294181029,-0.01837887242436409,-0.026537184913953144,-0.028606762488683064,-0.03199367721875509,-0.021109646186232567,-0.026876699179410934,-0.023848900571465492,-0.023195548603932064,-0.02528936540087064,-0.028388393421967823,-0.02554306387901306,-0.024529792989293735,0.6475523710250854,0.6228036284446716,0.6011632680892944,0.5926815867424011,0.6019883751869202,0.6365031599998474,0.6129322052001953,0.6078969240188599,0.6140358448028564,0.6594269275665283,0.631634533405304,0.6245337724685669,0.6277725100517273,0.6762979030609131,0.6467310786247253,0.638795018196106,0.6399865746498108,0.6873176097869873,0.6664588451385498,0.6595458984375,0.661540687084198,0.9397983551025391,0.9353161454200745,0.9431323409080505,0.9657765030860901,0.9927583932876587,0.8891354203224182,0.9453460574150085,0.9638107419013977,0.9644970893859863,0.9099256992340088,0.9721245765686035,0.9886149764060974,0.9851287603378296,0.9383533000946045,1.0001901388168335,1.0156230926513672,1.0103824138641357,0.9687803387641907,1.0153470039367676,1.0312528610229492,1.0312929153442383,7.648035094121042e-09,-0.0072572678327560425,-0.015830423682928085,-0.02261916734278202,-0.03099817968904972,-0.03087219037115574,-0.0414605438709259,-0.048081137239933014,-0.051362473517656326,-0.03254721313714981,-0.03835494443774223,-0.04009116441011429,-0.04352082684636116,-0.03308267146348953,-0.03864676505327225,-0.03618298098444939,-0.035615552216768265,-0.03371504321694374,-0.03921782597899437,-0.03578449413180351,-0.033905092626810074
51,0.005827575922012329,-0.06621456146240234,0.0,0.562812328338623,-0.3147926926612854,-0.2088693082332611,0.0,0.474289208650589,-0.07519486173987389,0.02163734659552574,0.0,0.05326990410685539,0.644182562828064,0.35948866605758667,0.72298264503479,0.30763673782348633,0.6757556796073914,0.3200121819972992,0.6574693918228149,0.3333759307861328,0.635353684425354,0.3483358323574066,0.63450026512146,0.3506309390068054,0.6363924145698547,0.635256290435791,0.9720442891120911,0.9438266754150391,0.9838438630104065,0.9955708980560303,1.0095176696777344,1.0208379030227661,0.9730677008628845,0.9791334271430969,0.9616832733154297,0.9648714661598206,-0.24779608845710754,-0.2017226666212082,-0.45849543809890747,-0.42014214396476746,-0.999476969242096,-1.1243234872817993,-1.1065306663513184,-1.2520618438720703,-1.110483169555664,-1.26717209815979,-1.0122876167297363,-1.1467392444610596,0.3226482073465983,0.3494251569112142,0.37326959768931073,0.3848680953184764,0.3853810528914134,0.35820956031481427,0.37698084115982056,0.37710943818092346,0.372000257174174,0.3403368790944417,0.3620239496231079,0.35913488268852234,0.35405964652697247,0.3252479135990143,0.34630633393923443,0.341696172952652,0.33563925822575885,0.31311195095380145,0.3302109142144521,0.3261226812998454,0.3186974922815959,0.9487384557723999,0.9393161137898763,0.9490331013997396,0.972212572892507,0.9929789900779724,0.9064484238624573,0.9646742542584738,0.9834734201431274,0.9816922346750895,0.9186405936876932,0.9838375846544901,0.9909733533859253,0.9794681270917257,0.9386448462804159,0.9982342918713888,0.998056968053182,0.983375628789266,0.9604610999425253,1.0080979267756145,1.0062299172083538,0.9933643142382304,1.3768963332457435e-07,-0.007788202104469141,-0.016922466456890106,-0.025731554875771206,-0.03398026836415132,-0.022058202885091305,-0.03427585090200106,-0.04086906152466933,-0.04478661840160688,-0.024838440120220184,-0.033992974708477654,-0.034154838571945824,-0.035634913171331085,-0.027974926866590977,-0.033215150237083435,-0.02696380950510502,-0.02406454210480054,-0.03240006106595198,-0.03446772570411364,-0.029355281963944435,-0.0266229131569465,0.6451760530471802,0.6237874031066895,0.6043874621391296,0.5947993397712708,0.6012844443321228,0.6401144862174988,0.6153883337974548,0.6102919578552246,0.6163371801376343,0.6612299680709839,0.633891224861145,0.628173291683197,0.6316176652908325,0.6760522127151489,0.6478777527809143,0.6424682140350342,0.6446282267570496,0.6849833130836487,0.6665330529212952,0.6620893478393555,0.665601372718811,0.9431251287460327,0.9393770694732666,0.9477298855781555,0.9691713452339172,0.9927433133125305,0.8975954055786133,0.9575668573379517,0.9667232632637024,0.9590688943862915,0.91339111328125,0.978188157081604,0.985247790813446,0.9742823839187622,0.9370126128196716,1.0006382465362549,1.0090011358261108,0.9983490109443665,0.9644343256950378,1.0162304639816284,1.028055191040039,1.02433180809021,-1.5077028514554058e-09,-0.0078038121573626995,-0.017627328634262085,-0.02550082467496395,-0.03464759886264801,-0.03583654388785362,-0.04756048321723938,-0.05340021476149559,-0.05600579082965851,-0.037296686321496964,-0.04494350031018257,-0.04547460004687309,-0.04781297966837883,-0.03747843950986862,-0.044441107660532,-0.04081004112958908,-0.039239294826984406,-0.037736330181360245,-0.04420739412307739,-0.04086015373468399,-0.038952331990003586
52,0.007616400718688965,-0.06506943702697754,0.0,0.5645430088043213,-0.31664684414863586,-0.2103474736213684,0.0,0.4744778275489807,-0.07190973684191704,0.023437965661287308,0.0,0.052849505096673965,0.6442235708236694,0.3596588671207428,0.7237012386322021,0.30778783559799194,0.6755848526954651,0.3200225532054901,0.6580588221549988,0.3332216441631317,0.6353183388710022,0.3485242426395416,0.6341151595115662,0.3510113060474396,0.6375253796577454,0.6343623995780945,0.9719059467315674,0.9429096579551697,0.9954732060432434,0.990949273109436,1.0163285732269287,1.0228791236877441,0.976738691329956,0.9809505939483643,0.9657242298126221,0.9656964540481567,-0.2620360255241394,-0.2307184636592865,-0.49489790201187134,-0.4439108669757843,-1.1072239875793457,-1.1706470251083374,-1.2250381708145142,-1.3047782182693481,-1.23210608959198,-1.3212703466415405,-1.1226050853729248,-1.1935441493988037,0.3205992579460144,0.3450350761413574,0.36874860525131226,0.3802306056022644,0.3852022588253021,0.3605633080005646,0.3785650134086609,0.38095277547836304,0.37827178835868835,0.34475165605545044,0.36532771587371826,0.36438897252082825,0.36108240485191345,0.33089110255241394,0.35162919759750366,0.34708866477012634,0.34128227829933167,0.3192211985588074,0.33693477511405945,0.33403563499450684,0.3278433382511139,0.9399121403694153,0.9312955737113953,0.9487335085868835,0.9775452017784119,0.9975668787956238,0.913595974445343,0.9710062742233276,0.9912187457084656,0.9915690422058105,0.9237087368965149,0.9869352579116821,0.9966725707054138,0.9891570806503296,0.940530002117157,0.9998804330825806,1.0014828443527222,0.9891327023506165,0.9599291086196899,1.009541392326355,1.0092496871948242,0.997636079788208,1.775162559169985e-07,-0.005855188239365816,-0.015977798029780388,-0.02601979859173298,-0.0357292965054512,-0.02759438566863537,-0.041146550327539444,-0.04711414873600006,-0.049832407385110855,-0.03129800781607628,-0.04144876450300217,-0.03970291465520859,-0.03927614912390709,-0.03484020754694939,-0.039553601294755936,-0.030078718438744545,-0.02493353560566902,-0.039510756731033325,-0.04054705798625946,-0.03316750004887581,-0.028716033324599266,0.6436538100242615,0.6206921935081482,0.6028875708580017,0.5947619676589966,0.5994680523872375,0.6348913908004761,0.6138947606086731,0.609644889831543,0.6163037419319153,0.6572290658950806,0.6346399784088135,0.6288742423057556,0.63168865442276,0.6731278896331787,0.6485901474952698,0.6439507603645325,0.6471471190452576,0.683201253414154,0.6639420390129089,0.6609429717063904,0.6666232347488403,0.9355928897857666,0.9348496794700623,0.9465770721435547,0.9720308780670166,1.0018421411514282,0.9002043604850769,0.9598514437675476,0.9695430994033813,0.9617693424224854,0.9133070707321167,0.9829065203666687,0.9874817728996277,0.9732108116149902,0.9348722696304321,1.0026253461837769,1.0058540105819702,0.9907985925674438,0.9593015909194946,1.01129949092865,1.0184335708618164,1.0112016201019287,-1.9760788561029585e-08,-0.0070962002500891685,-0.017109498381614685,-0.025717979297041893,-0.03565915673971176,-0.032837118953466415,-0.043965063989162445,-0.050124846398830414,-0.05316644906997681,-0.03535688295960426,-0.043211281299591064,-0.04373880848288536,-0.046018317341804504,-0.03672129660844803,-0.04377361387014389,-0.03895034268498421,-0.03650391474366188,-0.03830064833164215,-0.04464290663599968,-0.03944232314825058,-0.0358952172100544
53,0.009089499711990356,-0.06430432200431824,0.0,0.5654261112213135,-0.31872159242630005,-0.21238085627555847,0.0,0.4733821749687195,-0.07156457751989365,0.022912446409463882,0.0,0.052061621099710464,0.6441813707351685,0.3596345782279968,0.7216674089431763,0.30910423398017883,0.6754707098007202,0.32112038135528564,0.6608371138572693,0.33309343457221985,0.6354454159736633,0.34863215684890747,0.633959174156189,0.3514188230037689,0.6388219594955444,0.6355274319648743,0.9716227054595947,0.9436222910881042,0.9968109130859375,1.005907416343689,1.02073335647583,1.0327199697494507,0.9824408888816833,0.9898788928985596,0.9698246717453003,0.9749526381492615,-0.25487929582595825,-0.22714541852474213,-0.47251883149147034,-0.4406338036060333,-1.0619601011276245,-1.145055890083313,-1.1783875226974487,-1.2743891477584839,-1.1875534057617188,-1.296376347541809,-1.0786864757537842,-1.1695126295089722,0.3229048252105713,0.33685413002967834,0.35570651292800903,0.36822453141212463,0.375014066696167,0.3557710349559784,0.3734301030635834,0.37353944778442383,0.36952757835388184,0.346152663230896,0.3645840883255005,0.36333391070365906,0.3592377007007599,0.33784565329551697,0.35619014501571655,0.35531798005104065,0.35140347480773926,0.33123233914375305,0.3467133641242981,0.34783297777175903,0.3449408710002899,0.9247448444366455,0.9089310169219971,0.9154458045959473,0.9398938417434692,0.9608654975891113,0.8992364406585693,0.9447171688079834,0.9493695497512817,0.9406241774559021,0.9118822813034058,0.9633316397666931,0.9603785872459412,0.9468857645988464,0.929183304309845,0.976372241973877,0.9682486057281494,0.9520895481109619,0.9464777708053589,0.9845255613327026,0.979729413986206,0.9673605561256409,7.197975548933755e-08,-0.004201898816972971,-0.011298428289592266,-0.017889052629470825,-0.02412869967520237,-0.01847625896334648,-0.027472272515296936,-0.03289588540792465,-0.036311473697423935,-0.020701419562101364,-0.02676674909889698,-0.026748981326818466,-0.028107644990086555,-0.02275451458990574,-0.024830492213368416,-0.01988339237868786,-0.018090322613716125,-0.02557930164039135,-0.025663556531071663,-0.02173217013478279,-0.01990048587322235,0.6395128965377808,0.6189353466033936,0.6029154658317566,0.5957359075546265,0.6015930771827698,0.6406576633453369,0.6187860369682312,0.6119117140769958,0.6164590120315552,0.6610715389251709,0.6365600824356079,0.6286680698394775,0.631060779094696,0.6741473078727722,0.6488645672798157,0.6423432230949402,0.6442264318466187,0.6809565424919128,0.6633642315864563,0.6587483882904053,0.6623905301094055,0.9472453594207764,0.9437071084976196,0.95167076587677,0.9726041555404663,1.0005053281784058,0.9063680171966553,0.9703404307365417,0.9778546690940857,0.9696006178855896,0.9194737076759338,0.9881553649902344,0.9956455230712891,0.9854742288589478,0.9407577514648438,1.0074124336242676,1.0151090621948242,1.004091501235962,0.9655776023864746,1.018964409828186,1.0311846733093262,1.0286214351654053,5.4377840008612566e-09,-0.00844908133149147,-0.01982344686985016,-0.02925763465464115,-0.03998178616166115,-0.037883561104536057,-0.05090835690498352,-0.05801452696323395,-0.06131657958030701,-0.0395667739212513,-0.04897831007838249,-0.04991159215569496,-0.052266936749219894,-0.039979856461286545,-0.04810890927910805,-0.04386106878519058,-0.04158047214150429,-0.04063117504119873,-0.04755567014217377,-0.043294891715049744,-0.04049743339419365
54,0.009472012519836426,-0.06398069858551025,0.0,0.5664128661155701,-0.321410596370697,-0.21440401673316956,0.0,0.46912601590156555,-0.07158897072076797,0.023684736341238022,0.0,0.05225226283073425,0.6441783308982849,0.35986948013305664,0.7209006547927856,0.3101697862148285,0.6753865480422974,0.321127325296402,0.6620111465454102,0.3323858082294464,0.6352918148040771,0.34868982434272766,0.6337136030197144,0.35146018862724304,0.6402930021286011,0.6354219317436218,0.9701457619667053,0.9418945908546448,0.9894667863845825,1.0090786218643188,1.013817310333252,1.0331323146820068,0.9783679246902466,0.9894649982452393,0.9666768312454224,0.9745706915855408,-0.2807901203632355,-0.24552293121814728,-0.5016176104545593,-0.46332699060440063,-1.0733920335769653,-1.170936942100525,-1.187476634979248,-1.3017618656158447,-1.1954432725906372,-1.3214824199676514,-1.0887095928192139,-1.194718837738037,0.33388039469718933,0.35735994577407837,0.37776127457618713,0.38691166043281555,0.38804125785827637,0.36563754081726074,0.38303008675575256,0.38573384284973145,0.3833370506763458,0.34889882802963257,0.3682285249233246,0.3715616762638092,0.3713855445384979,0.3345814645290375,0.35368332266807556,0.3546309173107147,0.35202765464782715,0.3232850730419159,0.33944177627563477,0.34127044677734375,0.3382304608821869,0.9466562271118164,0.9440953731536865,0.9588890075683594,0.9845165610313416,1.0039441585540771,0.9222346544265747,0.9885958433151245,1.011675477027893,1.0127806663513184,0.9314138889312744,1.0052493810653687,1.0218021869659424,1.019923448562622,0.9457605481147766,1.0146998167037964,1.0258197784423828,1.0213797092437744,0.9631373286247253,1.0172038078308105,1.0290077924728394,1.0268678665161133,2.2526037923853437e-07,-0.008441763930022717,-0.019655965268611908,-0.030345231294631958,-0.041149940341711044,-0.0279831625521183,-0.039600275456905365,-0.045530691742897034,-0.04947357624769211,-0.03030715137720108,-0.03867974132299423,-0.03889566659927368,-0.041386015713214874,-0.03236538544297218,-0.03739352151751518,-0.030409354716539383,-0.027497364208102226,-0.0355963297188282,-0.038408853113651276,-0.03274005278944969,-0.02972172573208809,0.642059326171875,0.6216016411781311,0.6057819724082947,0.5989215970039368,0.6035143733024597,0.6368710994720459,0.6196860671043396,0.6151475310325623,0.6202155947685242,0.6573853492736816,0.6382965445518494,0.6334919333457947,0.6360844969749451,0.6715726852416992,0.6513762474060059,0.6474776864051819,0.6501713991165161,0.6801193952560425,0.6650302410125732,0.6628241539001465,0.66736900806427,0.9365942478179932,0.9340710639953613,0.9475373029708862,0.974818766117096,1.0054129362106323,0.9053519368171692,0.9630773663520813,0.9718435406684875,0.96479731798172,0.9159995913505554,0.9800871014595032,0.9851248860359192,0.9738318920135498,0.9357446432113647,0.997719407081604,1.0025808811187744,0.9904544949531555,0.9573580026626587,1.0071873664855957,1.0153971910476685,1.0109583139419556,-3.760196420898865e-08,-0.005434725899249315,-0.013709616847336292,-0.020634153857827187,-0.02871553599834442,-0.028440942987799644,-0.03852751478552818,-0.04472017288208008,-0.04778362438082695,-0.030589323490858078,-0.03722997009754181,-0.03815329447388649,-0.04067167639732361,-0.03155318647623062,-0.03682132810354233,-0.03258785977959633,-0.03082224540412426,-0.03258776292204857,-0.03667108342051506,-0.031545523554086685,-0.028432101011276245
55,0.009701579809188843,-0.0647631287574768,0.0,0.5673981308937073,-0.32502102851867676,-0.21709004044532776,0.0,0.46274399757385254,-0.07091410458087921,0.02259531244635582,0.0,0.05231712758541107,0.6442047357559204,0.3604009449481964,0.7199354767799377,0.30960044264793396,0.6754218339920044,0.3211078941822052,0.6618327498435974,0.3325292468070984,0.6355264186859131,0.3498389422893524,0.6337708234786987,0.3534449338912964,0.6398881673812866,0.6311686635017395,0.9657175540924072,0.9421730637550354,0.9906784892082214,1.0016601085662842,1.0207068920135498,1.0293407440185547,0.9778696894645691,0.9857833385467529,0.9662106037139893,0.9690102934837341,-0.22646686434745789,-0.20466266572475433,-0.4126569330692291,-0.43052005767822266,-0.9489870667457581,-1.1240431070327759,-1.056630253791809,-1.2532696723937988,-1.0700194835662842,-1.2697383165359497,-0.9657291769981384,-1.14616060256958,0.3289241890112559,0.35332272450129193,0.3755125304063161,0.38782180349032086,0.3912663757801056,0.36470813552538556,0.3839567502339681,0.3847968876361847,0.38137856125831604,0.3471256097157796,0.36968791484832764,0.3704591989517212,0.36858076850573224,0.33157721161842346,0.35384057958920795,0.3530346651871999,0.349398672580719,0.31886226932207745,0.33674254020055133,0.33735191822052,0.3336634039878845,0.9575310746828715,0.9523482322692871,0.9592486222585043,0.979431172211965,0.9981745084126791,0.9109675685564677,0.9790974259376526,1.0018535256385803,1.003183662891388,0.9203510880470276,0.9958556691805521,1.0118508736292522,1.009581704934438,0.9372438589731852,1.0090171496073406,1.0202880303064983,1.0157345136006672,0.958217978477478,1.0134567022323608,1.0231332778930664,1.0194485187530518,1.691596196451428e-07,-0.008428401313722134,-0.01846323845287164,-0.028068109105030697,-0.03762815147638321,-0.023255239551266033,-0.03516777108112971,-0.04209419836600622,-0.04684271042545637,-0.02579734039803346,-0.03454738793273767,-0.03565140441060066,-0.038349371403455734,-0.02851938270032406,-0.03492764135201772,-0.029565564046303432,-0.027089408909281094,-0.03244680228332678,-0.036536071449518204,-0.03232036158442497,-0.029824893921613693,0.6441769599914551,0.6228802800178528,0.6060744524002075,0.5996569395065308,0.6062934398651123,0.6394891738891602,0.6180243492126465,0.6151418089866638,0.6237791776657104,0.660908043384552,0.6383562088012695,0.6342875957489014,0.6390690207481384,0.675894021987915,0.652201771736145,0.6496483683586121,0.6542136669158936,0.6848317384719849,0.6670430898666382,0.6666902303695679,0.6747362613677979,0.9347960948944092,0.9354215860366821,0.9465646743774414,0.9716607928276062,1.0008407831192017,0.8996257185935974,0.9663829207420349,0.9719967842102051,0.9594739079475403,0.9105609059333801,0.983375608921051,0.9830549955368042,0.9651910662651062,0.9299809336662292,0.9997994899749756,0.9995949268341064,0.981745719909668,0.9529399275779724,1.0080801248550415,1.011894941329956,1.001508355140686,-1.7818750919218473e-08,-0.008012508973479271,-0.01846597157418728,-0.0273892879486084,-0.03764904662966728,-0.03570007160305977,-0.04756806790828705,-0.05382641777396202,-0.05669110640883446,-0.03768563270568848,-0.04620330035686493,-0.04665884003043175,-0.04880138859152794,-0.03847920894622803,-0.0461336113512516,-0.04155278578400612,-0.039209891110658646,-0.039510589092969894,-0.04640011489391327,-0.04145943745970726,-0.038135722279548645
56,0.007656753063201904,-0.06751787662506104,0.0,0.5687539577484131,-0.32907092571258545,-0.2159508764743805,0.0,0.4554908573627472,-0.06824242323637009,0.022973887622356415,0.0,0.05332764983177185,0.6442287564277649,0.3605395257472992,0.7203713059425354,0.3095034062862396,0.6745467782020569,0.3247707784175873,0.6617029309272766,0.33510953187942505,0.6354705691337585,0.35244572162628174,0.6332233548164368,0.35651665925979614,0.6392884254455566,0.6309226751327515,0.9658067226409912,0.9441072940826416,0.9866718649864197,1.009488582611084,1.0167722702026367,1.0335780382156372,0.9774336218833923,0.988784670829773,0.9647530913352966,0.972399115562439,-0.20397165417671204,-0.21747738122940063,-0.40043437480926514,-0.4364761412143707,-0.9894070029258728,-1.1352802515029907,-1.1046074628829956,-1.2682656049728394,-1.1160918474197388,-1.288043737411499,-1.007561445236206,-1.1589720249176025,0.32396798332532245,0.34928550322850543,0.3732637862364451,0.3887319465478261,0.3944914937019348,0.3637787302335103,0.38488341371218365,0.38385993242263794,0.37942007184028625,0.3453523914019267,0.3711473047733307,0.3693567216396332,0.3657759924729665,0.32857295870780945,0.3539978365103404,0.3514384130636851,0.34676969051361084,0.31443946560223895,0.33404330412546795,0.3334333896636963,0.32909634709358215,0.9684059222539266,0.9606010913848877,0.959608236948649,0.9743457833925883,0.9924048582712809,0.8997004826863607,0.9695990085601807,0.9920315742492676,0.9935866594314575,0.9092882871627808,0.9864619572957357,1.0018995602925618,0.999239961306254,0.9287271698315939,1.0033344825108845,1.0147562821706135,1.0100893179575603,0.9532986283302307,1.0097095966339111,1.0172587633132935,1.0120291709899902,1.1305886005175125e-07,-0.00841503869742155,-0.017270511637131374,-0.025790986915429432,-0.034106362611055374,-0.018527316550413765,-0.030735266705354057,-0.038657704989115395,-0.04421184460322062,-0.021287529418865837,-0.030415034542481102,-0.03240714222192764,-0.035312727093696594,-0.024673379957675934,-0.032461761186520256,-0.02872177337606748,-0.026681453610459965,-0.029297274847825367,-0.03466328978538513,-0.03190067037940025,-0.029928062111139297,0.6357792019844055,0.6170584559440613,0.6029553413391113,0.5991926193237305,0.6080026030540466,0.632138192653656,0.6244539022445679,0.6219721436500549,0.6231779456138611,0.6503998637199402,0.6402005553245544,0.6367360949516296,0.6368021965026855,0.662295937538147,0.6511993408203125,0.6483314037322998,0.6494784951210022,0.6685740947723389,0.6609662771224976,0.6587424874305725,0.6595578193664551,0.94586181640625,0.9387890696525574,0.9489309787750244,0.9723516702651978,0.9976809620857239,0.9210736751556396,0.967065155506134,0.9717589616775513,0.9643844962120056,0.9297825694084167,0.979343831539154,0.9804027080535889,0.971348762512207,0.9477319717407227,0.9948099255561829,0.9953054785728455,0.9844245910644531,0.965004026889801,1.0037841796875,1.0074963569641113,1.0044281482696533,-2.524753917043654e-08,-0.006203498691320419,-0.013183625414967537,-0.018622953444719315,-0.025076473131775856,-0.023003773763775826,-0.03087971918284893,-0.03707881644368172,-0.04112153872847557,-0.023543423041701317,-0.028129184618592262,-0.029692580923438072,-0.03323252126574516,-0.023279445245862007,-0.02639073319733143,-0.0230425875633955,-0.022469190880656242,-0.02329852059483528,-0.024345550686120987,-0.019650546833872795,-0.017736196517944336
57,0.01092037558555603,-0.06530377268791199,0.0,0.5744541883468628,-0.33463603258132935,-0.22060731053352356,0.0,0.4469803273677826,-0.06975405290722847,0.025738414376974106,0.0,0.05373675003647804,0.6446108222007751,0.3607909083366394,0.721487820148468,0.30922502279281616,0.6812406778335571,0.3277263343334198,0.6675728559494019,0.3385162949562073,0.6444234251976013,0.35308218002319336,0.6419058442115784,0.35727792978286743,0.6388474106788635,0.6309542059898376,0.9653205871582031,0.9489206075668335,0.98687744140625,1.0237561464309692,1.0128729343414307,1.0338565111160278,0.9730538725852966,0.9852223992347717,0.9609517455101013,0.9708466529846191,-0.3365016579627991,-0.3203861117362976,-0.5404569506645203,-0.47940924763679504,-1.1971036195755005,-1.1881160736083984,-1.3232510089874268,-1.3255391120910645,-1.340494155883789,-1.3550173044204712,-1.2183706760406494,-1.2154796123504639,0.31901177763938904,0.345248281955719,0.3710150420665741,0.3896420896053314,0.39771661162376404,0.36284932494163513,0.38581007719039917,0.3829229772090912,0.37746158242225647,0.34357917308807373,0.37260669469833374,0.36825424432754517,0.3629712164402008,0.32556870579719543,0.3541550934314728,0.3498421609401703,0.3441407084465027,0.3100166618824005,0.3313440680503845,0.32951486110687256,0.3245292901992798,0.9792807698249817,0.9688539505004883,0.959967851638794,0.9692603945732117,0.9866352081298828,0.8884333968162537,0.9601005911827087,0.9822096228599548,0.9839896559715271,0.8982254862785339,0.9770682454109192,0.9919482469558716,0.9888982176780701,0.9202104806900024,0.9976518154144287,1.009224534034729,1.0044441223144531,0.9483792781829834,1.0059624910354614,1.0113842487335205,1.0046098232269287,5.6958100458359695e-08,-0.008401676081120968,-0.016077784821391106,-0.02351386472582817,-0.03058457374572754,-0.0137993935495615,-0.0263027623295784,-0.03522121161222458,-0.04158097878098488,-0.01677771843969822,-0.02628268115222454,-0.029162880033254623,-0.032276082783937454,-0.02082737721502781,-0.029995881021022797,-0.027877982705831528,-0.026273498311638832,-0.02614774741232395,-0.03279050812125206,-0.031480979174375534,-0.0300312303006649,0.6597879528999329,0.6346768736839294,0.6137069463729858,0.604204535484314,0.6102856397628784,0.6444529294967651,0.6204982995986938,0.6179295182228088,0.6275236010551453,0.6666014194488525,0.6420091390609741,0.637473464012146,0.6409894824028015,0.6828367710113525,0.6557878851890564,0.6522221565246582,0.6559770703315735,0.6931440234184265,0.6731083393096924,0.6707490086555481,0.6777366995811462,0.9222714304924011,0.9271920323371887,0.9384909868240356,0.9611080884933472,0.9856365323066711,0.8894454836845398,0.9517715573310852,0.9669424891471863,0.9623501896858215,0.9012855887413025,0.9775789976119995,0.9811904430389404,0.9640495181083679,0.9218366742134094,0.9966460466384888,0.9987836480140686,0.9811511039733887,0.9463324546813965,1.004905343055725,1.0109487771987915,1.0008867979049683,-1.1305803404582093e-08,-0.009725073352456093,-0.02127712406218052,-0.03090343251824379,-0.04180045798420906,-0.039661478251218796,-0.052328020334243774,-0.057714931666851044,-0.05988825112581253,-0.04112512990832329,-0.050166115164756775,-0.049626439809799194,-0.05099286884069443,-0.0415288507938385,-0.04987427592277527,-0.04487904533743858,-0.04211527481675148,-0.042286790907382965,-0.05027748644351959,-0.04602434113621712,-0.04291641712188721
58,0.011208385229110718,-0.06470447778701782,0.0,0.577355682849884,-0.3378588557243347,-0.2224659025669098,0.0,0.43663185834884644,-0.06413339078426361,0.030083972960710526,0.0,0.05359552428126335,0.6454335451126099,0.36348697543144226,0.721592128276825,0.30829235911369324,0.6871747970581055,0.33175185322761536,0.6719875335693359,0.3418520390987396,0.6506057977676392,0.35958340764045715,0.6477988362312317,0.3637794256210327,0.6356995701789856,0.6229100227355957,0.9635104537010193,0.9720412492752075,0.984561026096344,1.0198187828063965,1.0118321180343628,1.0314960479736328,0.9699409604072571,0.9829238057136536,0.9581689834594727,0.9679487347602844,-0.3254770040512085,-0.3069457411766052,-0.531591534614563,-0.49580511450767517,-1.1837871074676514,-1.2290011644363403,-1.3116790056228638,-1.3696486949920654,-1.3335659503936768,-1.395434856414795,-1.2062218189239502,-1.25481116771698,0.3173302412033081,0.3442671298980713,0.3695961833000183,0.3886932134628296,0.39490383863449097,0.3589378595352173,0.3860960602760315,0.3820204734802246,0.376386821269989,0.33749493956565857,0.3704880177974701,0.3663465082645416,0.36091288924217224,0.31880584359169006,0.35008111596107483,0.34779787063598633,0.34275808930397034,0.3039593994617462,0.32837018370628357,0.32954680919647217,0.32621312141418457,0.9634416103363037,0.9497073292732239,0.9442965984344482,0.9570116996765137,0.9799531698226929,0.8776007294654846,0.9546301364898682,0.9794315695762634,0.9793448448181152,0.8938621282577515,0.9793363213539124,1.0014433860778809,1.0012286901474,0.9205310344696045,0.9974842667579651,1.016418218612671,1.016793131828308,0.9509908556938171,1.007182240486145,1.0214500427246094,1.0229437351226807,2.003486621049433e-08,-0.00795714370906353,-0.017211444675922394,-0.026629719883203506,-0.035997722297906876,-0.01814720593392849,-0.03323477506637573,-0.04358280450105667,-0.05054396390914917,-0.022249829024076462,-0.03427683562040329,-0.0370764285326004,-0.03998264670372009,-0.02726704627275467,-0.0375211201608181,-0.03450707346200943,-0.03217749670147896,-0.03356339782476425,-0.039654627442359924,-0.036681704223155975,-0.03419407457113266,0.6761267185211182,0.6442031860351562,0.6204549670219421,0.6111295223236084,0.6155297160148621,0.6483567953109741,0.6199100613594055,0.6211838126182556,0.6336683034896851,0.6704841256141663,0.6426060199737549,0.6435165405273438,0.6498460173606873,0.6888670921325684,0.6590496897697449,0.6606689095497131,0.6669800877571106,0.7019968628883362,0.6789776086807251,0.677865207195282,0.684601366519928,0.9184789061546326,0.9228830933570862,0.9339523911476135,0.9571234583854675,0.9787789583206177,0.8841757774353027,0.9499555230140686,0.9639043807983398,0.9575096964836121,0.897339940071106,0.9760533571243286,0.9759644865989685,0.954163134098053,0.9208508729934692,0.996453583240509,0.9933066964149475,0.9707506895065308,0.9492969512939453,1.0055224895477295,1.0080171823501587,0.9946532845497131,-1.2873859756012962e-09,-0.008953182958066463,-0.022008273750543594,-0.03345439210534096,-0.04629634693264961,-0.0436861515045166,-0.05954791232943535,-0.06605887413024902,-0.06897073239088058,-0.04679252952337265,-0.059299785643815994,-0.059348054230213165,-0.0609624907374382,-0.048796191811561584,-0.06051936745643616,-0.055342093110084534,-0.0522371344268322,-0.0509122833609581,-0.06223059818148613,-0.05894703045487404,-0.05621952936053276
59,0.015422195196151733,-0.06280389428138733,0.0,0.5785452127456665,-0.3358781635761261,-0.22389554977416992,0.0,0.43184489011764526,-0.061849258840084076,0.030687205493450165,0.0,0.05611545220017433,0.6472276449203491,0.3658939003944397,0.7263047099113464,0.3103708028793335,0.6909785866737366,0.33329275250434875,0.6727590560913086,0.34490588307380676,0.6536366939544678,0.3623323440551758,0.6518270373344421,0.3653571903705597,0.6314084529876709,0.6189659833908081,0.9636978507041931,0.9621480107307434,0.9836304783821106,1.0151183605194092,1.010259985923767,1.028551697731018,0.9687343835830688,0.9803282618522644,0.957247257232666,0.9657329320907593,-0.3291104733943939,-0.32531115412712097,-0.5328571796417236,-0.515434205532074,-1.21964430809021,-1.2472400665283203,-1.3535611629486084,-1.3887512683868408,-1.3791849613189697,-1.4145605564117432,-1.2438561916351318,-1.272350549697876,0.34785380959510803,0.3703139126300812,0.3879712224006653,0.39717546105384827,0.3921316862106323,0.37964943051338196,0.3878617584705353,0.3756311237812042,0.3650837242603302,0.36522376537323,0.3743629455566406,0.3620527684688568,0.35234183073043823,0.3517635762691498,0.3597688376903534,0.35016027092933655,0.34304460883140564,0.34062713384628296,0.3454425632953644,0.3378153443336487,0.33040302991867065,0.9897868037223816,0.9728796482086182,0.9581543207168579,0.9593542218208313,0.9700621366500854,0.9084887504577637,0.9451364278793335,0.9510995149612427,0.9395653009414673,0.9267510175704956,0.966174840927124,0.9627347588539124,0.947497546672821,0.9500871300697327,0.9809208512306213,0.9754747748374939,0.9627641439437866,0.9732252955436707,0.9933468103408813,0.9863047003746033,0.9744823575019836,-4.196878577999996e-08,-0.004982881713658571,-0.009545883163809776,-0.01440006960183382,-0.019090887159109116,-0.0033796413335949183,-0.011033184826374054,-0.018526645377278328,-0.02421805076301098,-0.006046424154192209,-0.01233086921274662,-0.017964325845241547,-0.023020584136247635,-0.009255582466721535,-0.014953923411667347,-0.01635192520916462,-0.017572933807969093,-0.013067883439362049,-0.016317570582032204,-0.01521285343915224,-0.014471196569502354,0.6799148917198181,0.64731365442276,0.6229797005653381,0.6105821132659912,0.6130364537239075,0.6480991244316101,0.6237201690673828,0.6267102956771851,0.6360119581222534,0.6700809001922607,0.6430848240852356,0.6470409035682678,0.6543798446655273,0.6891748309135437,0.6618584990501404,0.6668111681938171,0.6740911602973938,0.7039691209793091,0.6851391792297363,0.6874215006828308,0.6949788928031921,0.919414222240448,0.9222288131713867,0.9305972456932068,0.9528825283050537,0.9741328358650208,0.8856068849563599,0.9406291246414185,0.9475263953208923,0.9389694929122925,0.8983209133148193,0.9681522250175476,0.9636901021003723,0.9426974058151245,0.9196026921272278,0.9869366884231567,0.9769605994224548,0.954371988773346,0.9445286989212036,0.9932485222816467,0.9900444149971008,0.9765749573707581,-3.776872858907154e-08,-0.004611009731888771,-0.015004524029791355,-0.02541537396609783,-0.03708498924970627,-0.030342616140842438,-0.04220370203256607,-0.046901635825634,-0.04982723668217659,-0.03642627224326134,-0.0466630794107914,-0.04692195728421211,-0.04872702807188034,-0.0415247343480587,-0.05156731978058815,-0.04613160341978073,-0.0431651845574379,-0.04661107808351517,-0.05646859481930733,-0.05235644057393074,-0.04921254143118858
60,0.017811596393585205,-0.06283825635910034,0.0,0.5808805227279663,-0.33567243814468384,-0.22306180000305176,0.0,0.42376959323883057,-0.062159668654203415,0.029531829059123993,0.0,0.056413616985082626,0.648497462272644,0.3662235140800476,0.7278508543968201,0.312134325504303,0.6926246881484985,0.33395472168922424,0.6750543713569641,0.34759142994880676,0.6567456126213074,0.3637857139110565,0.6546659469604492,0.36615294218063354,0.6297011375427246,0.6155527234077454,0.9637171030044556,0.9601479768753052,0.9831955432891846,1.0119740962982178,1.0096056461334229,1.0267739295959473,0.9671977758407593,0.9788238406181335,0.9558696746826172,0.9644513130187988,-0.3267592787742615,-0.31540974974632263,-0.518593430519104,-0.5151130557060242,-1.1934946775436401,-1.2490806579589844,-1.3206982612609863,-1.3889447450637817,-1.3392359018325806,-1.4121654033660889,-1.2141722440719604,-1.273175835609436,0.3384723514318466,0.3669230192899704,0.38987137377262115,0.4024714231491089,0.3978278934955597,0.3721868395805359,0.38921287655830383,0.3805791288614273,0.3696061372756958,0.3544638752937317,0.3740750253200531,0.3635450005531311,0.3534551411867142,0.338994637131691,0.3566127419471741,0.34871721267700195,0.3408726453781128,0.3262656331062317,0.33948178589344025,0.3326796591281891,0.323227658867836,0.9771709740161896,0.9598434269428253,0.9500775635242462,0.9579930901527405,0.9734087288379669,0.8952204585075378,0.943244457244873,0.9561721980571747,0.9486346244812012,0.9138503074645996,0.9689521193504333,0.9724572896957397,0.9571945667266846,0.9408425986766815,0.9872583150863647,0.9873187839984894,0.9738699197769165,0.9675687253475189,1.0009002089500427,0.9975268542766571,0.9858454167842865,2.087486272728256e-08,-0.006359392078593373,-0.012494844850152731,-0.01859852997586131,-0.024197455495595932,-0.010139041696675122,-0.016770830377936363,-0.021135498769581318,-0.0247974069789052,-0.01292769075371325,-0.017323996871709824,-0.01884894911199808,-0.021859843283891678,-0.01608025934547186,-0.019950780551880598,-0.017952787689864635,-0.0178977744653821,-0.020142241846770048,-0.022098680958151817,-0.019036112818866968,-0.017613671254366636,0.6890482306480408,0.65562903881073,0.6311819553375244,0.6131412982940674,0.6072273254394531,0.6497934460639954,0.6191298961639404,0.6259686946868896,0.637086033821106,0.6731247901916504,0.6375254988670349,0.6471049785614014,0.657524049282074,0.693159818649292,0.6591207385063171,0.667313814163208,0.6769649982452393,0.7089223861694336,0.6805666089057922,0.686310887336731,0.6963950991630554,0.9649291634559631,0.9524327516555786,0.9446460008621216,0.948827862739563,0.9562458395957947,0.8696392178535461,0.9279431700706482,0.9492121338844299,0.9417603611946106,0.8874008059501648,0.9590854644775391,0.9699479341506958,0.953791081905365,0.9175093173980713,0.9850682020187378,0.9840354323387146,0.9644400477409363,0.9510245323181152,0.9992771744728088,0.9971153140068054,0.9794099926948547,-7.000915758226256e-08,-0.010541527532041073,-0.023938409984111786,-0.036392826586961746,-0.048495106399059296,-0.02975943684577942,-0.043102458119392395,-0.047171272337436676,-0.04971752688288689,-0.033861204981803894,-0.047256097197532654,-0.04624461010098457,-0.045698028057813644,-0.038249559700489044,-0.04973630607128143,-0.04212847352027893,-0.037055786699056625,-0.043424878269433975,-0.0537215881049633,-0.04956122860312462,-0.04550265148282051
61,0.01828402280807495,-0.06401625275611877,0.0,0.5788902640342712,-0.33449000120162964,-0.22170129418373108,0.0,0.41680657863616943,-0.06060303561389446,0.026242444291710854,0.0,0.05686844885349274,0.6487634778022766,0.36735084652900696,0.7283702492713928,0.3118826746940613,0.6924454569816589,0.33371445536613464,0.6757209897041321,0.3490746319293976,0.6582914590835571,0.3649773597717285,0.6560196280479431,0.36649081110954285,0.629466712474823,0.6130979657173157,0.9636786580085754,0.9584503173828125,0.9821040630340576,1.0116692781448364,1.0084840059280396,1.0256701707839966,0.9656191468238831,0.9785037636756897,0.9543337225914001,0.9642561078071594,-0.3366871178150177,-0.3386397361755371,-0.538264811038971,-0.5501958727836609,-1.241787075996399,-1.3022483587265015,-1.3772977590560913,-1.4459367990493774,-1.3990269899368286,-1.4680334329605103,-1.2641090154647827,-1.3253792524337769,0.3290908932685852,0.3635321259498596,0.391771525144577,0.4077673852443695,0.40352410078048706,0.3647242486476898,0.3905639946460724,0.3855271339416504,0.3741285502910614,0.3437039852142334,0.3737871050834656,0.3650372326374054,0.3545684516429901,0.3262256979942322,0.35345664620399475,0.34727415442466736,0.33870068192481995,0.3119041323661804,0.3335210084915161,0.3275439739227295,0.31605228781700134,0.9645551443099976,0.9468072056770325,0.9420008063316345,0.9566319584846497,0.9767553210258484,0.881952166557312,0.9413524866104126,0.9612448811531067,0.9577039480209351,0.9009495973587036,0.9717293977737427,0.9821798205375671,0.9668915867805481,0.9315980672836304,0.9935957789421082,0.9991627931594849,0.9849756956100464,0.9619121551513672,1.008453607559204,1.008749008178711,0.9972084760665894,8.371851123456509e-08,-0.007735902443528175,-0.015443806536495686,-0.0227969903498888,-0.02930402383208275,-0.016898442059755325,-0.022508475929498672,-0.023744352161884308,-0.025376763194799423,-0.01980895735323429,-0.022317124530673027,-0.019733572378754616,-0.02069910243153572,-0.022904936224222183,-0.02494763769209385,-0.01955365017056465,-0.018222615122795105,-0.027216600254178047,-0.02787979133427143,-0.022859372198581696,-0.02075614593923092,0.6670393347740173,0.6448184847831726,0.6287665963172913,0.6171988248825073,0.6147273778915405,0.6629745364189148,0.6347607970237732,0.6257312893867493,0.6274927258491516,0.6790146827697754,0.6489394903182983,0.645524799823761,0.6494846940040588,0.6922540664672852,0.6647859811782837,0.668764054775238,0.6765753030776978,0.7017637491226196,0.6881040930747986,0.6918030381202698,0.7001876831054688,0.9113163352012634,0.9148476719856262,0.921991765499115,0.9387132525444031,0.9550144672393799,0.8838521838188171,0.9367291927337646,0.9487088322639465,0.9482005834579468,0.8962685465812683,0.9709774255752563,0.9715579748153687,0.9546270966529846,0.9158967137336731,0.9890233874320984,0.9798902273178101,0.9541794061660767,0.9380066394805908,0.9982321262359619,0.9984996318817139,0.9844244718551636,-7.77605091428768e-09,-0.007133300881832838,-0.01956094242632389,-0.03127744793891907,-0.04486633837223053,-0.03993808105587959,-0.05534631386399269,-0.06291071325540543,-0.06811561435461044,-0.046081021428108215,-0.05983421579003334,-0.06191830337047577,-0.06549347192049026,-0.05115434527397156,-0.06565342843532562,-0.06295716017484665,-0.06197523698210716,-0.05630432441830635,-0.07311054319143295,-0.07410033792257309,-0.07452543824911118
62,0.018703699111938477,-0.06378874182701111,0.0,0.5787285566329956,-0.33080869913101196,-0.21966931223869324,0.0,0.4074656069278717,-0.05756196938455105,0.027569212019443512,0.0,0.057739537209272385,0.6497908234596252,0.3676702082157135,0.727808952331543,0.3097548484802246,0.6917763948440552,0.33282938599586487,0.6756278276443481,0.3488185703754425,0.6591769456863403,0.3645518720149994,0.6565526127815247,0.3655465543270111,0.6274951696395874,0.6130751371383667,0.96278315782547,0.9597614407539368,0.9817230105400085,1.0086559057235718,1.0061594247817993,1.0196536779403687,0.9654524326324463,0.9662967324256897,0.9536089897155762,0.9541516304016113,-0.5246995687484741,-0.5163184404373169,-0.726013720035553,-0.7320249080657959,-1.405526876449585,-1.465930700302124,-1.5372200012207031,-1.6090620756149292,-1.561003565788269,-1.6222059726715088,-1.4266695976257324,-1.4850242137908936,0.33274027705192566,0.36296895146369934,0.3897956907749176,0.40725862979888916,0.3997693955898285,0.3611827790737152,0.3879869282245636,0.3825892508029938,0.3732180893421173,0.3375531733036041,0.3700912296772003,0.3638075590133667,0.3556969463825226,0.31820979714393616,0.3489878475666046,0.34410592913627625,0.3364924192428589,0.30270177125930786,0.3278239369392395,0.3264736235141754,0.3190821707248688,0.9801701307296753,0.9623424410820007,0.9469009637832642,0.9495216608047485,0.9705023169517517,0.8692160248756409,0.93587726354599,0.9597559571266174,0.9529376029968262,0.8852062225341797,0.9630318880081177,0.9769548177719116,0.9605070352554321,0.9134557247161865,0.9848465323448181,0.9873823523521423,0.9668678641319275,0.9443676471710205,0.9962717294692993,0.9935237169265747,0.9757385849952698,2.4727981440264557e-08,-0.013600749894976616,-0.025606075301766396,-0.036421071738004684,-0.04609590396285057,-0.025427911430597305,-0.040639378130435944,-0.04966215416789055,-0.05626796931028366,-0.027690932154655457,-0.039685703814029694,-0.041488293558359146,-0.04466792568564415,-0.031200362369418144,-0.041654378175735474,-0.039307087659835815,-0.03852375969290733,-0.03650940954685211,-0.044207863509655,-0.04409431293606758,-0.04431423172354698,0.6623495519161224,0.6400097608566284,0.6252018809318542,0.6154715716838837,0.6150972843170166,0.6574640870094299,0.6346419155597687,0.6262197196483612,0.6289709806442261,0.6737034916877747,0.6486363410949707,0.6435452997684479,0.6458353996276855,0.6867816150188446,0.663646399974823,0.6641713082790375,0.6700993180274963,0.6961634457111359,0.6848640441894531,0.6854631006717682,0.6915067136287689,0.9113381803035736,0.9231990277767181,0.9318104088306427,0.9426228404045105,0.9492500424385071,0.892354816198349,0.9317536056041718,0.9459247887134552,0.948329895734787,0.8987066745758057,0.9628146588802338,0.9687553346157074,0.956070601940155,0.9120583832263947,0.98161980509758,0.9782213568687439,0.955416202545166,0.9282654821872711,0.9889903962612152,0.9944988191127777,0.9829717874526978,1.712441610735027e-08,-0.010172041831538081,-0.02607648726552725,-0.04063750244677067,-0.05709736794233322,-0.04758646711707115,-0.06670148111879826,-0.0766465999186039,-0.08284352719783783,-0.05242171883583069,-0.06800558231770992,-0.06931113824248314,-0.07196347042918205,-0.05635037459433079,-0.07043107971549034,-0.06514529138803482,-0.06239621527493,-0.06088805012404919,-0.07612892240285873,-0.07505950704216957,-0.07384999841451645
63,0.017480432987213135,-0.06609386205673218,0.0,0.5773413181304932,-0.32735803723335266,-0.21567359566688538,0.0,0.3995944857597351,-0.05403089337050915,0.028133347630500793,0.0,0.0594303198158741,0.6497647762298584,0.36730289459228516,0.726370632648468,0.306318074464798,0.6914273500442505,0.32935672998428345,0.6752893924713135,0.34853681921958923,0.6586266756057739,0.36240154504776,0.6559875011444092,0.361395001411438,0.6265188455581665,0.6058895587921143,0.9599036574363708,0.9575647711753845,0.9738197326660156,0.9967874884605408,0.9987743496894836,1.003159523010254,0.9599446654319763,0.9470177292823792,0.9462529420852661,0.935681164264679,-0.3146185576915741,-0.36064624786376953,-0.49037110805511475,-0.5829437375068665,-1.2216641902923584,-1.4197670221328735,-1.369207501411438,-1.5216878652572632,-1.4179902076721191,-1.5270633697509766,-1.2537453174591064,-1.4233890771865845,0.3295346796512604,0.36425885558128357,0.39100033044815063,0.40601083636283875,0.4008456915616989,0.3659445345401764,0.39038728177547455,0.38633836805820465,0.37623971700668335,0.34535840153694153,0.3742837756872177,0.36860036849975586,0.36046202480793,0.3277466148138046,0.35652028024196625,0.35226471722126007,0.3437448889017105,0.3134824335575104,0.3378959149122238,0.3365210294723511,0.32833606004714966,0.9665842354297638,0.9495647251605988,0.9365958571434021,0.9433413147926331,0.9657367765903473,0.865286648273468,0.9259196817874908,0.9540503919124603,0.9510379433631897,0.8797499537467957,0.9494454562664032,0.9701041877269745,0.9574247300624847,0.9084493815898895,0.9706539213657379,0.9827636480331421,0.9674839973449707,0.9396999180316925,0.9879673421382904,0.9909161925315857,0.9768284261226654,7.402908863696211e-08,-0.01081523159518838,-0.021724367514252663,-0.03184944484382868,-0.040603168308734894,-0.023722389712929726,-0.03520326688885689,-0.039991242811083794,-0.043409185484051704,-0.026090113446116447,-0.03457179944962263,-0.033608777448534966,-0.03467772714793682,-0.029087627306580544,-0.036026242189109325,-0.03107025846838951,-0.028804835863411427,-0.03352421894669533,-0.037676735781133175,-0.03455011919140816,-0.03298246394842863,0.6576597690582275,0.6352010369300842,0.6216371655464172,0.61374431848526,0.6154671907424927,0.6519536375999451,0.6345230340957642,0.6267081499099731,0.6304492354393005,0.6683923006057739,0.6483331918716431,0.6415657997131348,0.6421861052513123,0.681309163570404,0.6625068187713623,0.6595785617828369,0.6636233329772949,0.6905631422996521,0.6816239953041077,0.6791231632232666,0.6828257441520691,0.9113600254058838,0.9315503835678101,0.9416290521621704,0.9465324282646179,0.9434856176376343,0.9008574485778809,0.9267780184745789,0.9431407451629639,0.9484592080116272,0.901144802570343,0.9546518921852112,0.9659526944160461,0.9575141072273254,0.9082200527191162,0.9742162227630615,0.9765524864196777,0.9566529989242554,0.9185243248939514,0.9797486662864685,0.9904980063438416,0.9815191030502319,4.202488312898822e-08,-0.013210782781243324,-0.032592032104730606,-0.04999755695462227,-0.06932839751243591,-0.05523485317826271,-0.07805664837360382,-0.09038248658180237,-0.09757144004106522,-0.05876241624355316,-0.0761769488453865,-0.07670397311449051,-0.07843346893787384,-0.06154640391469002,-0.07520873099565506,-0.06733342260122299,-0.06281719356775284,-0.06547177582979202,-0.07914730161428452,-0.07601867616176605,-0.07317455857992172
64,0.017818421125411987,-0.06504938006401062,0.0,0.57630854845047,-0.32341188192367554,-0.21194759011268616,0.0,0.3934797942638397,-0.05102257430553436,0.029180943965911865,0.0,0.05902551859617233,0.6494861841201782,0.3673112690448761,0.725466787815094,0.30433863401412964,0.6911194324493408,0.3254341781139374,0.6739665269851685,0.3479384779930115,0.6581079363822937,0.3609515130519867,0.6553117632865906,0.35854417085647583,0.6188401579856873,0.6017365455627441,0.9538282752037048,0.9522078633308411,0.9681751132011414,0.9778972268104553,0.9906217455863953,0.984258234500885,0.9510470628738403,0.929439127445221,0.937973141670227,0.9188283085823059,-0.13650141656398773,-0.17157688736915588,-0.3185715675354004,-0.3892405331134796,-0.9971815347671509,-1.1563308238983154,-1.1324234008789062,-1.2975876331329346,-1.1614371538162231,-1.3280919790267944,-1.023709774017334,-1.183111310005188,0.3263290822505951,0.3655487596988678,0.39220497012138367,0.40476304292678833,0.40192198753356934,0.3707062900066376,0.3927876353263855,0.3900874853134155,0.3792613446712494,0.35316362977027893,0.3784763216972351,0.373393177986145,0.3652271032333374,0.3372834324836731,0.3640527129173279,0.3604235053062439,0.35099735856056213,0.3242630958557129,0.34796789288520813,0.34656843543052673,0.33758994936943054,0.9529983401298523,0.9367870092391968,0.92629075050354,0.9371609687805176,0.9609712362289429,0.8613572716712952,0.9159621000289917,0.9483448266983032,0.9491382837295532,0.8742936849594116,0.9358590245246887,0.9632535576820374,0.9543424248695374,0.9034430384635925,0.9564613103866577,0.9781449437141418,0.9681001305580139,0.9350321888923645,0.9796629548072815,0.9883086681365967,0.977918267250061,1.2333019583365967e-07,-0.008029713295400143,-0.01784265972673893,-0.027277817949652672,-0.03511043265461922,-0.022016867995262146,-0.029767155647277832,-0.03032033145427704,-0.030550401657819748,-0.02448929473757744,-0.02945789508521557,-0.025729261338710785,-0.024687528610229492,-0.026974892243742943,-0.030398106202483177,-0.022833429276943207,-0.01908591203391552,-0.030539028346538544,-0.03114560805261135,-0.025005925446748734,-0.02165069617331028,0.656521201133728,0.6325291991233826,0.6177893877029419,0.6116849184036255,0.6154199838638306,0.6517929434776306,0.6338973045349121,0.6267404556274414,0.6310941576957703,0.6690871119499207,0.6456618905067444,0.6427775025367737,0.6484339833259583,0.6819682717323303,0.6592774987220764,0.6584123969078064,0.6641246676445007,0.6910221576690674,0.6761147975921631,0.6748983860015869,0.6808216571807861,0.8946468830108643,0.918361246585846,0.9322110414505005,0.9400154948234558,0.9407444596290588,0.8804339170455933,0.9188253283500671,0.930219292640686,0.9282639026641846,0.8847393989562988,0.9521886110305786,0.9543883800506592,0.935683012008667,0.8974871635437012,0.9704023003578186,0.9686208367347717,0.9448035359382629,0.9146950840950012,0.9776286482810974,0.9834344387054443,0.9711761474609375,5.972003691567807e-08,-0.0148721132427454,-0.03359074890613556,-0.049663372337818146,-0.06741863489151001,-0.05610499158501625,-0.07672254741191864,-0.08774445950984955,-0.09481004625558853,-0.05843469500541687,-0.0763704851269722,-0.07842213660478592,-0.08161290735006332,-0.059758659452199936,-0.07421647757291794,-0.06823436915874481,-0.06518463790416718,-0.06210993230342865,-0.07666219770908356,-0.07483016699552536,-0.07318369299173355
65,0.018294155597686768,-0.06489795446395874,0.0,0.574815571308136,-0.32245393097400665,-0.2103492021560669,0.0,0.384915292263031,-0.04668150655925274,0.03127325139939785,0.0,0.059972405433654785,0.6484758257865906,0.3671785891056061,0.7248978018760681,0.3007388412952423,0.688998818397522,0.32181820273399353,0.671794056892395,0.3475191295146942,0.6571153402328491,0.35927656292915344,0.6539545655250549,0.3557513952255249,0.607970654964447,0.599298894405365,0.9415485858917236,0.9508962035179138,0.9533947110176086,0.9705239534378052,0.972075879573822,0.972114622592926,0.938011646270752,0.9180427193641663,0.9247892498970032,0.9091400504112244,-0.13296061754226685,-0.1763368397951126,-0.329502135515213,-0.4074760675430298,-1.0293262004852295,-1.1841155290603638,-1.1665617227554321,-1.3288494348526,-1.1911828517913818,-1.3600890636444092,-1.0544105768203735,-1.2122739553451538,0.33099883794784546,0.3641083240509033,0.3902595341205597,0.4020877182483673,0.3973429203033447,0.36268049478530884,0.38868996500968933,0.3843402564525604,0.3742614984512329,0.3405209481716156,0.37188631296157837,0.3661300539970398,0.3569544851779938,0.3228335976600647,0.35151222348213196,0.34709131717681885,0.33862248063087463,0.3071984648704529,0.3305202126502991,0.32741162180900574,0.3188624382019043,0.9628103971481323,0.9424482583999634,0.9232355952262878,0.929750919342041,0.9535635709762573,0.8513126969337463,0.9123218059539795,0.9387137293815613,0.9325891137123108,0.8652160167694092,0.9306168556213379,0.9508081078529358,0.936518132686615,0.8954471349716187,0.9534028768539429,0.9657045602798462,0.9486756920814514,0.9266743063926697,0.9689095616340637,0.9742462635040283,0.9617031216621399,9.509681575536888e-08,-0.012005665339529514,-0.022580157965421677,-0.03171256184577942,-0.04011386260390282,-0.026217378675937653,-0.03733345866203308,-0.04220975935459137,-0.046367645263671875,-0.027894344180822372,-0.036679644137620926,-0.03723643720149994,-0.0398123599588871,-0.02982538379728794,-0.03773428127169609,-0.03456089645624161,-0.03374049812555313,-0.03294500336050987,-0.03785933926701546,-0.03533536568284035,-0.034531138837337494,0.6473410725593567,0.626071035861969,0.6147738099098206,0.6089252233505249,0.6081733703613281,0.6494868397712708,0.6350713968276978,0.6284765005111694,0.6302908658981323,0.667721688747406,0.6477700471878052,0.6463947296142578,0.6508398652076721,0.6795989871025085,0.6616647243499756,0.6604847311973572,0.6645557284355164,0.6863874793052673,0.6748927235603333,0.6711133718490601,0.6724653840065002,0.8998274207115173,0.9113967418670654,0.9219894409179688,0.9306841492652893,0.93361896276474,0.8730480074882507,0.9036591053009033,0.9149031043052673,0.914845883846283,0.8857643008232117,0.9404776096343994,0.9451014399528503,0.9287889003753662,0.905994176864624,0.9654181003570557,0.9655947685241699,0.9457038640975952,0.9293538331985474,0.9823174476623535,0.9880940318107605,0.9773962497711182,9.149309754263868e-09,-0.011152181774377823,-0.027309587225317955,-0.0422968789935112,-0.05935220047831535,-0.04291461780667305,-0.0591244213283062,-0.06865115463733673,-0.07551345974206924,-0.04674193635582924,-0.05998719856142998,-0.06093362718820572,-0.06416476517915726,-0.050018955022096634,-0.06043017655611038,-0.054161738604307175,-0.05192335695028305,-0.05429154634475708,-0.06535787880420685,-0.06288433074951172,-0.06171582266688347
66,0.016586124897003174,-0.0661044716835022,0.0,0.5763965249061584,-0.32538680732250214,-0.21115463972091675,0.0,0.37228044867515564,-0.046783195808529854,0.030636528506875038,0.0,0.060084957629442215,0.6479294896125793,0.36716052889823914,0.7241166234016418,0.3000994026660919,0.6865827441215515,0.32196348905563354,0.6693162322044373,0.3473910689353943,0.6542664766311646,0.35909920930862427,0.6513570547103882,0.355444997549057,0.5945679545402527,0.5899221897125244,0.9318255186080933,0.9453051686286926,0.9370366930961609,0.9627506732940674,0.955367922782898,0.96469646692276,0.9244143962860107,0.9121934175491333,0.9114353060722351,0.9033344388008118,-0.027406135573983192,-0.09838125854730606,-0.23666594922542572,-0.3456830680370331,-0.9336903691291809,-1.1037677526474,-1.0718985795974731,-1.2471226453781128,-1.0908713340759277,-1.2803095579147339,-0.9579254388809204,-1.1324771642684937,0.33757269382476807,0.3678930103778839,0.3935651481151581,0.40781518816947937,0.3985942006111145,0.36516764760017395,0.3860882520675659,0.3840644359588623,0.37838509678840637,0.340760737657547,0.36840900778770447,0.3666628897190094,0.3604317605495453,0.32048285007476807,0.3487256169319153,0.3491506576538086,0.3424656391143799,0.3045640289783478,0.328622967004776,0.3329055607318878,0.3287637531757355,0.9828282594680786,0.9602801203727722,0.9356429576873779,0.922196626663208,0.9361734986305237,0.8384920358657837,0.901613175868988,0.9369158744812012,0.9333042502403259,0.851254403591156,0.925404965877533,0.9555167555809021,0.9437054991722107,0.8793793320655823,0.9486343860626221,0.9695112705230713,0.955565869808197,0.91313636302948,0.9631122946739197,0.9773608446121216,0.9679463505744934,-8.609893598077178e-08,-0.011677095666527748,-0.023351510986685753,-0.0346766859292984,-0.044919490814208984,-0.021031556650996208,-0.03867311403155327,-0.0500420480966568,-0.057870492339134216,-0.02486138790845871,-0.03937032073736191,-0.04362275451421738,-0.04745027422904968,-0.029980728402733803,-0.043146368116140366,-0.042346272617578506,-0.04183409363031387,-0.0365728922188282,-0.04509080573916435,-0.044614650309085846,-0.04391772672533989,0.6561280488967896,0.6296342015266418,0.6138250827789307,0.6059766411781311,0.6046538352966309,0.6372461915016174,0.6229614019393921,0.6243658661842346,0.6320416927337646,0.6574001312255859,0.6400504112243652,0.6440210342407227,0.6508001089096069,0.674419105052948,0.6599186658859253,0.6622428894042969,0.6685935258865356,0.6879158020019531,0.6800060272216797,0.6782556176185608,0.6806683540344238,0.9280380010604858,0.9280208349227905,0.9226532578468323,0.920160710811615,0.9166615009307861,0.883521318435669,0.8884330987930298,0.8951666355133057,0.8965480923652649,0.8962780237197876,0.9172523617744446,0.9185513854026794,0.9053791165351868,0.9157442450523376,0.9432142376899719,0.9376227855682373,0.9220116138458252,0.9369226098060608,0.9620330333709717,0.962989330291748,0.9568019509315491,3.2089264578871735e-08,-0.008300897665321827,-0.021811487153172493,-0.03514028340578079,-0.05020783469080925,-0.03395790979266167,-0.04818336293101311,-0.0560150146484375,-0.061350155621767044,-0.03861015662550926,-0.04856964573264122,-0.04852427914738655,-0.05075058341026306,-0.0429571308195591,-0.050496120005846024,-0.04409245029091835,-0.041888922452926636,-0.048144686967134476,-0.05616899952292442,-0.05225575342774391,-0.050100088119506836
67,0.014024347066879272,-0.06744614243507385,0.0,0.5773534178733826,-0.32828544080257416,-0.21042141318321228,0.0,0.358830988407135,-0.04403332434594631,0.03136887960135937,0.0,0.06009745970368385,0.6473763585090637,0.3672384023666382,0.7240514159202576,0.3001747131347656,0.6837871670722961,0.3227458596229553,0.669174313545227,0.3485247790813446,0.6541607975959778,0.3600703775882721,0.6508858799934387,0.35625067353248596,0.5877097249031067,0.5831067562103271,0.9230706095695496,0.9397261142730713,0.9334356784820557,0.9478482007980347,0.9480563998222351,0.9559208750724792,0.9163644909858704,0.9046880602836609,0.9052957892417908,0.8946451544761658,-0.036911845207214355,-0.1272241771221161,-0.24470792710781097,-0.37690669298171997,-0.9498154520988464,-1.131073236465454,-1.0881969928741455,-1.2748873233795166,-1.1076112985610962,-1.308098316192627,-0.9746045470237732,-1.159285306930542,0.32282182574272156,0.365162193775177,0.3946918547153473,0.40799394249916077,0.40191537141799927,0.36763015389442444,0.39302921295166016,0.3902394473552704,0.3789350092411041,0.34553050994873047,0.3773532807826996,0.3705507218837738,0.3607955574989319,0.3258257806301117,0.35623040795326233,0.3519744873046875,0.3426966071128845,0.3085052967071533,0.3316316604614258,0.33096617460250854,0.3226566016674042,0.9402245283126831,0.9190778136253357,0.9041064977645874,0.9131366610527039,0.9310281276702881,0.8330777883529663,0.8961516618728638,0.9257352352142334,0.9269797205924988,0.8482162952423096,0.9240800738334656,0.9446097612380981,0.9315648674964905,0.8808823227882385,0.9457424283027649,0.9595548510551453,0.9463176727294922,0.9141080975532532,0.9645566940307617,0.9678002595901489,0.9557833671569824,1.7551941766669188e-07,-0.011793012730777264,-0.024994656443595886,-0.03700607270002365,-0.047506723552942276,-0.03501823917031288,-0.04457110911607742,-0.042532484978437424,-0.04061141982674599,-0.03710668906569481,-0.04350772127509117,-0.03572578355669975,-0.03174518421292305,-0.03923030570149422,-0.044121574610471725,-0.03533736988902092,-0.03092861920595169,-0.04263199493288994,-0.045308638364076614,-0.0404890812933445,-0.03815482184290886,0.6627193093299866,0.6328058242797852,0.6139081418514252,0.6042355000972748,0.603683739900589,0.6360856890678406,0.619991809129715,0.6241875886917114,0.6335268914699554,0.6568450331687927,0.6384884715080261,0.6447689533233643,0.6530110538005829,0.6745710670948029,0.6592307686805725,0.6633142232894897,0.6704415678977966,0.6890600621700287,0.6800599694252014,0.6796318888664246,0.6829893589019775,0.9362793564796448,0.9297214448451996,0.9170261025428772,0.9128033518791199,0.911516547203064,0.8638262450695038,0.8800674378871918,0.8936712145805359,0.8947129547595978,0.881377249956131,0.907647579908371,0.9147150814533234,0.9032361507415771,0.9062072932720184,0.9350345730781555,0.9345192909240723,0.9215132594108582,0.933619350194931,0.9527950882911682,0.9553757309913635,0.9501790404319763,-3.381452096107296e-08,-0.006973726442083716,-0.01874564215540886,-0.030926859006285667,-0.04429768957197666,-0.02558118663728237,-0.03773361537605524,-0.044419800862669945,-0.049077825620770454,-0.03070777840912342,-0.04027070105075836,-0.04075009562075138,-0.04263033904135227,-0.03575705364346504,-0.04403075948357582,-0.038676368072628975,-0.03627270273864269,-0.04146359674632549,-0.04945762827992439,-0.04561827331781387,-0.04297812096774578
68,0.015704572200775146,-0.06619992852210999,0.0,0.5791558623313904,-0.3279034197330475,-0.21086835861206055,0.0,0.3505943715572357,-0.04744919762015343,0.030077729374170303,0.0,0.05949769541621208,0.6484229564666748,0.36800992488861084,0.7248255610466003,0.30032792687416077,0.6842948794364929,0.3265130817890167,0.6665067076683044,0.3514046370983124,0.6540126204490662,0.3622589111328125,0.6511223912239075,0.3586865961551666,0.5850950479507446,0.577829897403717,0.9233053922653198,0.9344940781593323,0.9335432648658752,0.9445019960403442,0.9414191842079163,0.9524149298667908,0.902612030506134,0.9010117053985596,0.893875777721405,0.8906975388526917,-0.11180427670478821,-0.1686982363462448,-0.3260839879512787,-0.406639963388443,-1.0617005825042725,-1.1411986351013184,-1.215678095817566,-1.2893028259277344,-1.2313706874847412,-1.3333802223205566,-1.086215853691101,-1.1602041721343994,0.3368244767189026,0.3709889352321625,0.39787861704826355,0.41307398676872253,0.40482357144355774,0.3652113974094391,0.3927250802516937,0.38963180780410767,0.3812115490436554,0.3416327238082886,0.3755226731300354,0.3710743486881256,0.36191678047180176,0.32279282808303833,0.3561353087425232,0.3539893627166748,0.3448202908039093,0.3077482581138611,0.33505114912986755,0.33523136377334595,0.3263587951660156,0.9699560403823853,0.9424928426742554,0.9138177037239075,0.9099327325820923,0.93215411901474,0.8274986147880554,0.8857462406158447,0.9214379787445068,0.9193583726882935,0.8436394929885864,0.9114804863929749,0.9407646059989929,0.9276168346405029,0.8741328716278076,0.9357167482376099,0.9566289782524109,0.9429423809051514,0.9075478911399841,0.950456440448761,0.9616092443466187,0.9503065943717957,-3.464160513999559e-09,-0.01119221094995737,-0.023082757368683815,-0.033962782472372055,-0.04339037090539932,-0.028124690055847168,-0.04240397736430168,-0.048388876020908356,-0.05300576239824295,-0.03186097741127014,-0.04487837478518486,-0.045604806393384933,-0.04753302037715912,-0.03608287498354912,-0.047880806028842926,-0.04456283152103424,-0.042864542454481125,-0.04150254651904106,-0.049390897154808044,-0.047683216631412506,-0.04657196253538132,0.6693105697631836,0.6359774470329285,0.6139912009239197,0.6024943590164185,0.6027136445045471,0.6349251866340637,0.6170222163200378,0.6240093111991882,0.6350120902061462,0.6562899351119995,0.636926531791687,0.6455168724060059,0.6552219986915588,0.6747230291366577,0.6585428714752197,0.6643855571746826,0.6722896099090576,0.6902043223381042,0.6801139116287231,0.6810081601142883,0.6853103637695312,0.9445207118988037,0.9314220547676086,0.9113989472389221,0.9054459929466248,0.9063715934753418,0.8441311717033386,0.8717017769813538,0.8921757936477661,0.8928778171539307,0.8664764761924744,0.8980427980422974,0.9108787775039673,0.9010931849479675,0.8966703414916992,0.9268549084663391,0.9314157962799072,0.9210149049758911,0.9303160905838013,0.9435571432113647,0.947762131690979,0.9435561299324036,-9.971830650101765e-08,-0.005646555218845606,-0.015679797157645226,-0.026713434606790543,-0.038387544453144073,-0.017204463481903076,-0.027283867821097374,-0.03282458707690239,-0.036805495619773865,-0.02280540019273758,-0.031971756368875504,-0.03297591209411621,-0.03451009467244148,-0.028556976467370987,-0.03756539896130562,-0.0332602858543396,-0.03065648302435875,-0.03478250652551651,-0.04274625703692436,-0.038980793207883835,-0.035856153815984726
69,0.015609145164489746,-0.06612977385520935,0.0,0.5812930464744568,-0.32957957684993744,-0.21139633655548096,0.0,0.3401108682155609,-0.04579612612724304,0.030603010207414627,0.0,0.05944209173321724,0.6500816941261292,0.3688957989215851,0.7275962829589844,0.30001384019851685,0.687891960144043,0.3260706961154938,0.666370153427124,0.35123297572135925,0.6539938449859619,0.3623698949813843,0.6522524952888489,0.35886654257774353,0.5819529891014099,0.5732844471931458,0.9250151515007019,0.9337800741195679,0.9268621206283569,0.9374691843986511,0.9283586740493774,0.9449664354324341,0.8834150433540344,0.8915586471557617,0.8760071992874146,0.8807204365730286,-0.09764871001243591,-0.14356793463230133,-0.3359629511833191,-0.39649343490600586,-1.0656052827835083,-1.1646270751953125,-1.2133864164352417,-1.3097343444824219,-1.2271969318389893,-1.3462374210357666,-1.0883026123046875,-1.1864752769470215,0.3251943588256836,0.36735454201698303,0.3996259570121765,0.41527247428894043,0.4099409878253937,0.3683801293373108,0.39697957038879395,0.39438676834106445,0.38384512066841125,0.347024142742157,0.3810718059539795,0.37568041682243347,0.36620575189590454,0.3275580406188965,0.3597518503665924,0.35695281624794006,0.3493492007255554,0.3108489215373993,0.3356344997882843,0.3368413746356964,0.3300594091415405,0.9289571642875671,0.905017077922821,0.8877833485603333,0.8997237086296082,0.9257350564002991,0.8204637169837952,0.8844747543334961,0.9156523942947388,0.9162722229957581,0.8386999368667603,0.9152160882949829,0.9370302557945251,0.9249036312103271,0.8723646402359009,0.9389645457267761,0.9547095894813538,0.9430739283561707,0.9074353575706482,0.9576315879821777,0.9619882106781006,0.9512488842010498,1.600565013859523e-07,-0.009564738720655441,-0.02097838744521141,-0.03132591396570206,-0.040366414934396744,-0.034063540399074554,-0.04296384006738663,-0.041230227798223495,-0.03992604836821556,-0.037138570100069046,-0.04361536726355553,-0.037111371755599976,-0.03442724794149399,-0.039848119020462036,-0.04434802755713463,-0.03659200295805931,-0.03321509063243866,-0.04359617456793785,-0.04554519057273865,-0.04099825769662857,-0.03925834223628044,0.6621203422546387,0.6352192163467407,0.612838625907898,0.5982186794281006,0.6051691174507141,0.6426138281822205,0.6167483329772949,0.621250569820404,0.6306140422821045,0.6649271845817566,0.6340185403823853,0.6384321451187134,0.6476266980171204,0.6833912134170532,0.6534709334373474,0.6544826626777649,0.6621078252792358,0.6983776092529297,0.6743744611740112,0.672608494758606,0.6791334748268127,0.9711485505104065,0.9516830444335938,0.9195764660835266,0.8983525037765503,0.8989444971084595,0.8214689493179321,0.8715623617172241,0.9043506979942322,0.9002781510353088,0.834316611289978,0.8938145637512207,0.9247169494628906,0.9176552891731262,0.8618634343147278,0.9182462692260742,0.9419951438903809,0.9358612895011902,0.8966073989868164,0.9327696561813354,0.9508991241455078,0.9511634111404419,-2.1156007790068543e-07,-0.014098015613853931,-0.0236726813018322,-0.03171006962656975,-0.03746464103460312,-0.013309884816408157,-0.026344943791627884,-0.03372522443532944,-0.038342058658599854,-0.013950353488326073,-0.025106031447649002,-0.026247644796967506,-0.025887537747621536,-0.01665760949254036,-0.027032000944018364,-0.022061416879296303,-0.017186852172017097,-0.02116798236966133,-0.02793378010392189,-0.024619070813059807,-0.020301606506109238
70,0.016822516918182373,-0.0659874975681305,0.0,0.5831665992736816,-0.3294946998357773,-0.21159124374389648,0.0,0.3353097140789032,-0.04323139227926731,0.03136296384036541,0.0,0.0609920471906662,0.6513951420783997,0.37205490469932556,0.7296535968780518,0.29931020736694336,0.6882708072662354,0.3305809199810028,0.6656751036643982,0.35612183809280396,0.6538776159286499,0.3675214946269989,0.6522002816200256,0.364774227142334,0.5736618638038635,0.5678732395172119,0.9227613210678101,0.9306582808494568,0.9237715601921082,0.9339026808738708,0.9240842461585999,0.9417999386787415,0.8803744912147522,0.8914995789527893,0.872916579246521,0.8810833096504211,-0.14857809245586395,-0.16715654730796814,-0.3896760940551758,-0.4060559868812561,-1.1282169818878174,-1.1751455068588257,-1.2736016511917114,-1.3191275596618652,-1.2888966798782349,-1.3528944253921509,-1.1495670080184937,-1.1987971067428589,0.34161749482154846,0.37695395946502686,0.40445128083229065,0.42015549540519714,0.41277313232421875,0.3733955919742584,0.40261465311050415,0.39648982882499695,0.3864825665950775,0.3507108688354492,0.3856469392776489,0.3774873614311218,0.36761274933815,0.3323292136192322,0.3663713037967682,0.3606650233268738,0.3508322834968567,0.3171311020851135,0.34510189294815063,0.34242865443229675,0.33247777819633484,0.9711222648620605,0.9411319494247437,0.9091778993606567,0.9046374559402466,0.9292886257171631,0.8245383501052856,0.8847817182540894,0.9191804528236389,0.9160032868385315,0.8403695821762085,0.9103140830993652,0.9387698769569397,0.9243044853210449,0.8690430521965027,0.9327725768089294,0.9515263438224792,0.9362638592720032,0.9010477066040039,0.9447886943817139,0.9555210471153259,0.9437931180000305,-4.418113164206261e-08,-0.010878528468310833,-0.02217131108045578,-0.032815683633089066,-0.041868776082992554,-0.024115394800901413,-0.03763897344470024,-0.04281070828437805,-0.04675617441534996,-0.027653768658638,-0.04003448784351349,-0.03982590138912201,-0.040648143738508224,-0.03202124312520027,-0.042916592210531235,-0.03961263597011566,-0.03776237741112709,-0.037733618170022964,-0.044693686068058014,-0.043252699077129364,-0.042266543954610825,0.6886394023895264,0.6472206711769104,0.6199291944503784,0.6016731858253479,0.606164276599884,0.643078625202179,0.6158497333526611,0.6234011054039001,0.6336675882339478,0.6655628085136414,0.6330319046974182,0.6396863460540771,0.6501530408859253,0.6845042705535889,0.6528838872909546,0.657532811164856,0.66646808385849,0.6990467309951782,0.6732642650604248,0.6740127801895142,0.6813026666641235,0.9654914736747742,0.9486976265907288,0.914548397064209,0.8991870284080505,0.9006725549697876,0.8187499642372131,0.864984929561615,0.8981103897094727,0.8987695574760437,0.8296115398406982,0.8928272724151611,0.9190160036087036,0.9126705527305603,0.8564422726631165,0.9222303628921509,0.9412146210670471,0.9290905594825745,0.8926153779029846,0.9360638856887817,0.9499970078468323,0.9409621357917786,-2.3673399596191302e-07,-0.00840805098414421,-0.0179139431566,-0.02723422646522522,-0.03523799031972885,-0.01646505296230316,-0.02955542877316475,-0.03556540980935097,-0.039303191006183624,-0.02071348764002323,-0.034229643642902374,-0.03567744791507721,-0.03613666445016861,-0.025892825797200203,-0.037744197994470596,-0.03290039300918579,-0.028592951595783234,-0.03187407925724983,-0.040026091039180756,-0.037109509110450745,-0.03375474363565445
71,0.014540493488311768,-0.06675037741661072,0.0,0.588752806186676,-0.32957977056503296,-0.20651957392692566,0.0,0.3302266001701355,-0.03339383099228144,0.036576916463673115,0.0,0.06095072627067566,0.6535708904266357,0.37579306960105896,0.738165020942688,0.2994348108768463,0.6924874782562256,0.33417028188705444,0.665508508682251,0.36049798130989075,0.6538369059562683,0.3719361126422882,0.6535640358924866,0.36916160583496094,0.5697228908538818,0.5636025071144104,0.9215982556343079,0.9281319975852966,0.9231065511703491,0.9346999526023865,0.9233114123344421,0.9418532848358154,0.8777496814727783,0.8927748799324036,0.8703207969665527,0.8824153542518616,-0.1528693288564682,-0.17676308751106262,-0.3709338903427124,-0.4013957977294922,-1.1037839651107788,-1.176856279373169,-1.2560160160064697,-1.321842074394226,-1.2697287797927856,-1.355000615119934,-1.1242645978927612,-1.2029917240142822,0.3317888379096985,0.37357568740844727,0.4070304036140442,0.42447522282600403,0.4219711422920227,0.37998202443122864,0.409839004278183,0.4048338234424591,0.39431527256965637,0.359020859003067,0.3958170711994171,0.3850977122783661,0.37293776869773865,0.3401035964488983,0.37479254603385925,0.36619871854782104,0.35521137714385986,0.3236246705055237,0.3539830148220062,0.35009875893592834,0.3395732045173645,0.9423120617866516,0.9178133606910706,0.895038902759552,0.9028728008270264,0.9276995658874512,0.8233312964439392,0.8859687447547913,0.9195563197135925,0.9190289974212646,0.8388727307319641,0.9150644540786743,0.9375026822090149,0.9224998950958252,0.8697571158409119,0.9370004534721375,0.9533288478851318,0.9392085671424866,0.9036616086959839,0.9554346203804016,0.9611533880233765,0.9477804899215698,1.0598576238862734e-07,-0.0091793742030859,-0.019314061850309372,-0.028643162921071053,-0.03593900799751282,-0.030425991863012314,-0.041005972772836685,-0.04042423516511917,-0.039600785821676254,-0.03380878269672394,-0.043575286865234375,-0.03783794492483139,-0.03463307023048401,-0.03729032725095749,-0.044721540063619614,-0.03632887452840805,-0.03144099563360214,-0.04186996445059776,-0.04530907794833183,-0.040199000388383865,-0.037484362721443176,0.6778349280357361,0.6442874073982239,0.6186703443527222,0.6030999422073364,0.6090083122253418,0.6489412784576416,0.62045818567276,0.6252385973930359,0.6347793936729431,0.6704302430152893,0.6371652483940125,0.6421422362327576,0.6521661877632141,0.688758134841919,0.6562026143074036,0.6581923961639404,0.6666876673698425,0.7035067081451416,0.6771084070205688,0.6750681400299072,0.6814842820167542,0.9772046804428101,0.9540883898735046,0.9217049479484558,0.898733913898468,0.8956263065338135,0.8142858147621155,0.8588383793830872,0.8928112983703613,0.8897784948348999,0.8252463936805725,0.8843875527381897,0.9144061207771301,0.9073857665061951,0.8518382906913757,0.9086027145385742,0.9330817461013794,0.9274351000785828,0.8865013122558594,0.9248072504997253,0.9426295757293701,0.9421637654304504,-2.512179833047412e-07,-0.012502522207796574,-0.021647972986102104,-0.02987687848508358,-0.0356423556804657,-0.010002301074564457,-0.02332346886396408,-0.031479060649871826,-0.03641458600759506,-0.011557059362530708,-0.023319734260439873,-0.02521885745227337,-0.02518448233604431,-0.01533584576100111,-0.026494722813367844,-0.022859368473291397,-0.0184844508767128,-0.020856425166130066,-0.027529127895832062,-0.024986915290355682,-0.02099677175283432
72,0.01584482192993164,-0.06640025973320007,0.0,0.591584324836731,-0.3261338472366333,-0.2032332718372345,0.0,0.3253602087497711,-0.03411048650741577,0.03603917174041271,0.0,0.06150733307003975,0.6553757190704346,0.37780439853668213,0.7415527701377869,0.29976770281791687,0.6948481202125549,0.33852332830429077,0.6655073761940002,0.36477330327033997,0.6537531018257141,0.3764324486255646,0.6540607213973999,0.3737112879753113,0.5669907331466675,0.5609371066093445,0.9198417663574219,0.927259087562561,0.9230731725692749,0.9329978823661804,0.9241610765457153,0.9407166242599487,0.8794267773628235,0.8917187452316284,0.8719514608383179,0.8806855082511902,-0.11744257062673569,-0.17484886944293976,-0.33335283398628235,-0.4080055356025696,-1.067840576171875,-1.196067214012146,-1.2180403470993042,-1.3455817699432373,-1.232279896736145,-1.3773657083511353,-1.0892159938812256,-1.2221910953521729,0.3519553244113922,0.3874712586402893,0.41440650820732117,0.43047282099723816,0.4266493320465088,0.38576942682266235,0.41591575741767883,0.409789502620697,0.39975616335868835,0.36342430114746094,0.39878037571907043,0.39021262526512146,0.38024306297302246,0.3452291786670685,0.37928307056427,0.37312206625938416,0.36335065960884094,0.3300059139728546,0.35796403884887695,0.3545776903629303,0.3442979156970978,0.9675546884536743,0.9397285580635071,0.910719633102417,0.90763258934021,0.9297546744346619,0.827724814414978,0.8860965371131897,0.9197591543197632,0.9180396795272827,0.8426390290260315,0.9105792045593262,0.9361317753791809,0.921903669834137,0.8706956505775452,0.9323506951332092,0.9486857652664185,0.9337428212165833,0.9020363092422485,0.9448872208595276,0.9536462426185608,0.9412438273429871,-4.310133761009638e-08,-0.00903252512216568,-0.019419027492403984,-0.02946283482015133,-0.03801851347088814,-0.02353360503911972,-0.03612136095762253,-0.040597859770059586,-0.04415879026055336,-0.027698999270796776,-0.039031799882650375,-0.038323864340782166,-0.039120011031627655,-0.03245563805103302,-0.0422452948987484,-0.0384734570980072,-0.03667648136615753,-0.03839034587144852,-0.044954732060432434,-0.04334403574466705,-0.04241270571947098,0.6973458528518677,0.6522164940834045,0.6212365627288818,0.603235125541687,0.609039306640625,0.6445884108543396,0.6174307465553284,0.6269545555114746,0.6380838751792908,0.6671607494354248,0.6353639364242554,0.6431182622909546,0.6532703638076782,0.6865851283073425,0.6547983288764954,0.6596536636352539,0.6680864095687866,0.7017566561698914,0.6738725304603577,0.6739776134490967,0.6812028288841248,0.9645278453826904,0.9428439140319824,0.9077440500259399,0.8922510743141174,0.8921104669570923,0.8100606203079224,0.8560926914215088,0.8898664116859436,0.8896922469139099,0.8208213448524475,0.8848350644111633,0.9096518158912659,0.9026666879653931,0.8471649289131165,0.9129441380500793,0.930507481098175,0.9199103116989136,0.8830873370170593,0.9249595403671265,0.9376408457756042,0.930347204208374,-2.7780947675637435e-07,-0.006214103661477566,-0.013744809664785862,-0.021586067974567413,-0.028194325044751167,-0.01214672438800335,-0.0250682570040226,-0.03191268816590309,-0.035983502864837646,-0.01724880374968052,-0.029850056394934654,-0.03177406266331673,-0.03245715796947479,-0.023313743993639946,-0.03540922701358795,-0.031978774815797806,-0.028079181909561157,-0.02993411384522915,-0.03786878660321236,-0.03485279530286789,-0.031027089804410934
73,0.017491519451141357,-0.06601542234420776,0.0,0.5915452241897583,-0.3241872787475586,-0.20194563269615173,0.0,0.31660640239715576,-0.02503603044897318,0.041338685899972916,0.0,0.06393039971590042,0.655859649181366,0.3795661926269531,0.7419648766517639,0.29979419708251953,0.6964664459228516,0.3416415750980377,0.6655067205429077,0.3677414655685425,0.6539666056632996,0.3789624571800232,0.6550606489181519,0.3763878047466278,0.5641087293624878,0.5553981065750122,0.9168863892555237,0.9237558245658875,0.9230207800865173,0.930962085723877,0.9206067323684692,0.9388912916183472,0.8736664652824402,0.8902882933616638,0.8669495582580566,0.8791784644126892,-0.11249025166034698,-0.1693381816148758,-0.32752737402915955,-0.41066789627075195,-1.0582929849624634,-1.1981290578842163,-1.207374095916748,-1.3480664491653442,-1.222382664680481,-1.379090428352356,-1.0803529024124146,-1.2241779565811157,0.3380776643753052,0.3783383071422577,0.4119296073913574,0.42942991852760315,0.4278911054134369,0.3866046369075775,0.4162311553955078,0.41111037135124207,0.39992043375968933,0.36595261096954346,0.4014742970466614,0.39070484042167664,0.37856996059417725,0.3469759523868561,0.37965357303619385,0.3704391419887543,0.35964342951774597,0.3300873041152954,0.35829341411590576,0.35331085324287415,0.34243759512901306,0.9396676421165466,0.9167090058326721,0.8946049809455872,0.9016852974891663,0.927017867565155,0.821332573890686,0.8844961524009705,0.9160023927688599,0.9144876003265381,0.8370440602302551,0.9142783284187317,0.9329075217247009,0.9153938293457031,0.8677748441696167,0.9350033402442932,0.9465124011039734,0.9301612973213196,0.901056170463562,0.9515712261199951,0.9547293782234192,0.9400231242179871,9.36392936523589e-08,-0.009392837062478065,-0.0196125078946352,-0.028783529996871948,-0.035934850573539734,-0.03211859241127968,-0.041531115770339966,-0.039588067680597305,-0.038042981177568436,-0.035157714039087296,-0.043296147137880325,-0.036308854818344116,-0.03288014978170395,-0.038158781826496124,-0.044506724923849106,-0.03612103313207626,-0.03194175288081169,-0.04222900792956352,-0.04546844959259033,-0.040901150554418564,-0.03892164304852486,0.6768922805786133,0.6406713724136353,0.6145273447036743,0.5985113382339478,0.6018544435501099,0.6438747644424438,0.6128208637237549,0.6192079186439514,0.6301815509796143,0.6650963425636292,0.6290735006332397,0.6355543732643127,0.6463215947151184,0.6828373670578003,0.6482871174812317,0.6524408459663391,0.6618383526802063,0.69691401720047,0.6692359447479248,0.6696842908859253,0.6777756214141846,0.9670265913009644,0.9414429068565369,0.9088724255561829,0.8871437311172485,0.8837618827819824,0.8016257286071777,0.8430880308151245,0.8789860606193542,0.8785570859909058,0.8129945397377014,0.8716834187507629,0.9024561047554016,0.8965089917182922,0.8397026658058167,0.8962234258651733,0.9194795489311218,0.912643313407898,0.8744419813156128,0.9128618240356445,0.9290983080863953,0.9257957935333252,-2.505552743059525e-07,-0.009532880038022995,-0.017133474349975586,-0.024656517431139946,-0.029912680387496948,-0.007051895838230848,-0.02114766649901867,-0.02933378517627716,-0.03380172327160835,-0.01005036011338234,-0.022601336240768433,-0.024240000173449516,-0.023683641105890274,-0.015292584896087646,-0.027385061606764793,-0.023501940071582794,-0.018536511808633804,-0.021897992119193077,-0.028769709169864655,-0.025612331926822662,-0.020978279411792755
74,0.018757402896881104,-0.06305330991744995,0.0,0.5889277458190918,-0.3219287693500519,-0.20022785663604736,0.0,0.31739309430122375,-0.018246413208544254,0.046435438096523285,0.0,0.06326582282781601,0.6562557220458984,0.3799346685409546,0.7423192262649536,0.2994897961616516,0.6874144673347473,0.3424164652824402,0.6583250164985657,0.3693273365497589,0.6482033133506775,0.38064348697662354,0.6495515704154968,0.37786370515823364,0.5636863708496094,0.5532081723213196,0.9182037711143494,0.9221266508102417,0.9158543944358826,0.9290299415588379,0.9123997092247009,0.9385508894920349,0.8666735291481018,0.8906033635139465,0.8591920137405396,0.8792356252670288,-0.11304197460412979,-0.1721511036157608,-0.3678683042526245,-0.4183741509914398,-1.1076312065124512,-1.205301284790039,-1.2548466920852661,-1.354036808013916,-1.257415771484375,-1.383553385734558,-1.1245440244674683,-1.230836272239685,0.3529302477836609,0.38885194063186646,0.41688060760498047,0.4339289665222168,0.43012189865112305,0.3870435655117035,0.4191130995750427,0.4119904637336731,0.40132060647010803,0.3648611605167389,0.40229177474975586,0.39247286319732666,0.38166987895965576,0.34708425402641296,0.38269636034965515,0.3755013346672058,0.36543023586273193,0.3323286771774292,0.36093637347221375,0.35818082094192505,0.3489301800727844,0.9612537622451782,0.9362630248069763,0.9107337594032288,0.9111971855163574,0.9350153803825378,0.8291673064231873,0.8936754465103149,0.9252047538757324,0.9207404851913452,0.8450645804405212,0.9176990985870361,0.9406800270080566,0.9258360862731934,0.874416708946228,0.9395081996917725,0.9540802240371704,0.9387837648391724,0.9076824188232422,0.9511473774909973,0.9579806923866272,0.9458075165748596,-4.8891848791754455e-08,-0.009366377256810665,-0.019939256832003593,-0.02998599223792553,-0.038854002952575684,-0.026657285168766975,-0.04004756733775139,-0.045087069272994995,-0.04904976487159729,-0.030820274725556374,-0.04250462353229523,-0.041826099157333374,-0.0428345687687397,-0.035392992198467255,-0.04541067034006119,-0.04156038910150528,-0.039729293435811996,-0.04116497188806534,-0.04776035621762276,-0.04615281894803047,-0.045331571251153946,0.6851844191551208,0.6406134963035583,0.6105865240097046,0.5941746234893799,0.6018761396408081,0.635209858417511,0.6068052053451538,0.6161397099494934,0.6271124482154846,0.6581812500953674,0.6242472529411316,0.6319230198860168,0.6425539255142212,0.6775925755500793,0.643510639667511,0.6487492918968201,0.6586304306983948,0.6924174427986145,0.663701057434082,0.663793683052063,0.6720807552337646,0.9592015743255615,0.9374750852584839,0.9008841514587402,0.8870113492012024,0.8887515068054199,0.8039466142654419,0.8540008664131165,0.8868287801742554,0.8852314352989197,0.8162844777107239,0.8822173476219177,0.9071058630943298,0.8988965749740601,0.8447299599647522,0.9102779626846313,0.928195595741272,0.9168504476547241,0.8830185532569885,0.9208096861839294,0.9321869611740112,0.9247146248817444,-2.460637347212469e-07,-0.009144153445959091,-0.018333392217755318,-0.027310671284794807,-0.03487304225564003,-0.016544800251722336,-0.03037234954535961,-0.03721785172820091,-0.041328951716423035,-0.020817402750253677,-0.034625180065631866,-0.0364399254322052,-0.0369662307202816,-0.026196449995040894,-0.03977734223008156,-0.03606495261192322,-0.031669922173023224,-0.03236400708556175,-0.04187719151377678,-0.03915620222687721,-0.03524860367178917
75,0.01623743772506714,-0.06612962484359741,0.0,0.5906757116317749,-0.32082095742225647,-0.19802719354629517,0.0,0.3123284578323364,-0.024890122935175896,0.041272847913205624,0.0,0.06285624206066132,0.6568282842636108,0.3802646994590759,0.7448641061782837,0.2995050251483917,0.6857993006706238,0.34866660833358765,0.6555491089820862,0.3764573931694031,0.644770085811615,0.39046961069107056,0.6470806002616882,0.38762328028678894,0.5625813007354736,0.5510537028312683,0.9196442365646362,0.9221898317337036,0.9136509895324707,0.9233244061470032,0.9087335467338562,0.9374868869781494,0.8624839186668396,0.8896721005439758,0.8552531003952026,0.8768960237503052,-0.15205055475234985,-0.22753678262233734,-0.3980272114276886,-0.4778366982936859,-1.1394497156143188,-1.246963381767273,-1.286824107170105,-1.3936915397644043,-1.2894492149353027,-1.4172123670578003,-1.1560505628585815,-1.268869400024414,0.34341752529144287,0.384348064661026,0.4202105402946472,0.4388464391231537,0.438037633895874,0.39773231744766235,0.4274645149707794,0.41459038853645325,0.401643842458725,0.37668436765670776,0.4105910062789917,0.3968609869480133,0.3857342600822449,0.3578575849533081,0.38960957527160645,0.3774062395095825,0.36678680777549744,0.3414171636104584,0.36903172731399536,0.36146968603134155,0.350083589553833,0.9405505061149597,0.9236442446708679,0.9056314826011658,0.9152095317840576,0.9402357339859009,0.8336975574493408,0.9030863642692566,0.9297845363616943,0.9185394048690796,0.8477163910865784,0.9251341223716736,0.940098762512207,0.9209252595901489,0.8765589594841003,0.9467957615852356,0.9547373652458191,0.9358441233634949,0.9086794853210449,0.9638643860816956,0.9652855396270752,0.9483140707015991,3.936362702461338e-08,-0.009294786490499973,-0.0179748572409153,-0.025584395974874496,-0.0308414027094841,-0.030177058652043343,-0.04046127200126648,-0.039829619228839874,-0.03934728726744652,-0.03296339511871338,-0.041782211512327194,-0.03591470792889595,-0.03340814262628555,-0.03594587743282318,-0.04240895062685013,-0.03425179421901703,-0.030347542837262154,-0.04004276916384697,-0.04272707551717758,-0.037980854511260986,-0.0361325740814209,0.674028754234314,0.6379963755607605,0.6109881401062012,0.5932844281196594,0.59857177734375,0.6402628421783447,0.607947826385498,0.6136559844017029,0.6236495971679688,0.6608342528343201,0.6240705847740173,0.6306139826774597,0.6417840123176575,0.6785140037536621,0.6435890793800354,0.6471119523048401,0.6567308902740479,0.6927909255027771,0.6666329503059387,0.665613055229187,0.6727538108825684,0.9728540778160095,0.9464596509933472,0.9144097566604614,0.8927705883979797,0.8899232745170593,0.807120680809021,0.8497444987297058,0.8839632868766785,0.8817815184593201,0.8180596828460693,0.8773314356803894,0.9065041542053223,0.8991026878356934,0.8447922468185425,0.8996460437774658,0.9226813912391663,0.9168078899383545,0.8802794218063354,0.9140699505805969,0.9307054281234741,0.9315940737724304,-2.582451372745709e-07,-0.01075584627687931,-0.019738340750336647,-0.02844344452023506,-0.03452659025788307,-0.008873269893229008,-0.022498534992337227,-0.030393121764063835,-0.03489721938967705,-0.011583223007619381,-0.024104628711938858,-0.025731513276696205,-0.0251986812800169,-0.016448477283120155,-0.02805306389927864,-0.024216173216700554,-0.019413745030760765,-0.02291281521320343,-0.029599536210298538,-0.02666778862476349,-0.022157954052090645
76,0.01731586456298828,-0.06507402658462524,0.0,0.5926588773727417,-0.3185824304819107,-0.1954905390739441,0.0,0.3058928847312927,-0.021258685737848282,0.042675779201090336,0.0,0.06250283867120743,0.6576907634735107,0.38173872232437134,0.7500108480453491,0.2993614971637726,0.682208240032196,0.35988160967826843,0.6514939665794373,0.387485146522522,0.6386429667472839,0.40290120244026184,0.6417776346206665,0.39990031719207764,0.5600598454475403,0.5466020703315735,0.92182457447052,0.9178076982498169,0.9073691964149475,0.9190787672996521,0.9042558073997498,0.9375394582748413,0.8601099848747253,0.8901501893997192,0.852418839931488,0.8775910139083862,-0.15885120630264282,-0.23131063580513,-0.39424869418144226,-0.47684556245803833,-1.1293972730636597,-1.2422077655792236,-1.2735682725906372,-1.388791561126709,-1.283478021621704,-1.4118759632110596,-1.1528434753417969,-1.2639029026031494,0.3575647473335266,0.3955758810043335,0.4272328317165375,0.44642388820648193,0.4465544521808624,0.4017179012298584,0.43357324600219727,0.4256705939769745,0.41331085562705994,0.3807941675186157,0.41815805435180664,0.4075947105884552,0.3969852924346924,0.3639066517353058,0.3993367552757263,0.3910544216632843,0.38148751854896545,0.3498522639274597,0.38035327196121216,0.37757155299186707,0.3689497113227844,0.9452189803123474,0.9243050813674927,0.9043983221054077,0.9116306900978088,0.9377326965332031,0.8324702978134155,0.8995431661605835,0.9295568466186523,0.9265282154083252,0.8481724262237549,0.9243347644805908,0.9443766474723816,0.9303945899009705,0.8774376511573792,0.9456027150154114,0.958449125289917,0.9456477165222168,0.9103401899337769,0.959086537361145,0.9643928408622742,0.9539011716842651,-1.8294187498213432e-08,-0.007655103225260973,-0.0164776798337698,-0.024930298328399658,-0.032223474234342575,-0.02439947798848152,-0.03502754867076874,-0.03723469004034996,-0.03912320360541344,-0.028370007872581482,-0.03741099312901497,-0.035357002168893814,-0.03550693392753601,-0.032392360270023346,-0.03995782881975174,-0.03508277237415314,-0.03280573710799217,-0.03741811215877533,-0.042104464024305344,-0.039221372455358505,-0.037712544202804565,0.6902610063552856,0.6444085836410522,0.6108764410018921,0.5909251570701599,0.597596287727356,0.6334658265113831,0.6041300296783447,0.6137199401855469,0.6243226528167725,0.6564162373542786,0.6217331290245056,0.6305218935012817,0.6416032910346985,0.6757073998451233,0.6415537595748901,0.647264301776886,0.6567872166633606,0.6902897953987122,0.6612979173660278,0.6623727083206177,0.6708550453186035,0.9554343223571777,0.9339600801467896,0.9002119302749634,0.890296459197998,0.895133912563324,0.8078342080116272,0.857831597328186,0.8902908563613892,0.8887407779693604,0.8200889825820923,0.8851498961448669,0.909873366355896,0.9004566669464111,0.8473916053771973,0.9119693636894226,0.9290453195571899,0.9163474440574646,0.883342981338501,0.9225698113441467,0.9343956708908081,0.9259632229804993,-2.5272905190831807e-07,-0.007825520820915699,-0.01728634163737297,-0.02685214951634407,-0.03527171537280083,-0.016089243814349174,-0.0292674470692873,-0.03520933911204338,-0.03876068815588951,-0.02092740684747696,-0.03439931944012642,-0.03546980395913124,-0.035590942949056625,-0.026683103293180466,-0.039576657116413116,-0.03531457856297493,-0.0308228712528944,-0.03307173028588295,-0.04158240929245949,-0.03846348822116852,-0.03473581746220589
77,0.01793915033340454,-0.06477978825569153,0.0,0.5919215679168701,-0.3153465688228607,-0.19321829080581665,0.0,0.298088937997818,-0.018006947357207537,0.045438427943736315,0.0,0.06424154341220856,0.6578355431556702,0.3819623291492462,0.7498184442520142,0.29937708377838135,0.6786460280418396,0.3682061731815338,0.6498259902000427,0.39320194721221924,0.6362269520759583,0.40881267189979553,0.6389798521995544,0.4062747657299042,0.5564082264900208,0.5412222146987915,0.921908438205719,0.9139726161956787,0.9078773856163025,0.9202941060066223,0.9053949117660522,0.9387297034263611,0.8621375560760498,0.8942250609397888,0.8544050455093384,0.8796709179878235,-0.21974247694015503,-0.26910123229026794,-0.4201115369796753,-0.5047495365142822,-1.1254464387893677,-1.2615886926651,-1.2706477642059326,-1.4097423553466797,-1.2786835432052612,-1.434258222579956,-1.1457997560501099,-1.283786654472351,0.3558639883995056,0.39427220821380615,0.4305935800075531,0.4501948058605194,0.4525083601474762,0.4124498963356018,0.43997621536254883,0.43212375044822693,0.4211265444755554,0.39360883831977844,0.4249093234539032,0.4141363799571991,0.4045218527317047,0.3749772310256958,0.4056985676288605,0.39607882499694824,0.38666263222694397,0.35802072286605835,0.38708314299583435,0.38350924849510193,0.37425029277801514,0.9199420213699341,0.9089091420173645,0.9018634557723999,0.9160448908805847,0.9399535059928894,0.8370753526687622,0.9019169211387634,0.9315685629844666,0.9275262355804443,0.8542132377624512,0.9254819750785828,0.9439107775688171,0.9296578168869019,0.8836885690689087,0.9496212005615234,0.9609992504119873,0.9470837116241455,0.9178736805915833,0.9713950157165527,0.976050853729248,0.9632946252822876,9.69646620774256e-08,-0.007226524408906698,-0.015963168814778328,-0.023848464712500572,-0.029628394171595573,-0.028356941416859627,-0.03808393329381943,-0.038286857306957245,-0.03793013095855713,-0.031965892761945724,-0.03926469013094902,-0.03360339626669884,-0.03103654645383358,-0.035445019602775574,-0.04087778180837631,-0.031722500920295715,-0.026752684265375137,-0.03975865989923477,-0.04168524965643883,-0.03504800796508789,-0.03138155862689018,0.6701385378837585,0.6337276697158813,0.6058965921401978,0.5843654870986938,0.588837206363678,0.6323214769363403,0.601018488407135,0.6068906784057617,0.6172033548355103,0.6530670523643494,0.6168355941772461,0.6233512759208679,0.6336699724197388,0.6706748604774475,0.6358547210693359,0.6396787166595459,0.6489655375480652,0.684702455997467,0.6572197079658508,0.657268762588501,0.6649967432022095,0.9684298038482666,0.9433609843254089,0.9165070652961731,0.8984426259994507,0.8966265916824341,0.8115352392196655,0.8546746373176575,0.8895006775856018,0.8892532587051392,0.8219365477561951,0.8837960958480835,0.9127063751220703,0.9054996967315674,0.847917914390564,0.9063642621040344,0.9286261796951294,0.9232423305511475,0.8820918798446655,0.9201573729515076,0.9359405040740967,0.9357606172561646,-2.3375285707061266e-07,-0.012181692756712437,-0.022276178002357483,-0.031874049454927444,-0.038852594792842865,-0.010909990407526493,-0.02501438744366169,-0.0323529876768589,-0.036293890327215195,-0.012767540290951729,-0.025739898905158043,-0.026869235560297966,-0.026082970201969147,-0.016896242275834084,-0.02950352430343628,-0.025600990280508995,-0.020606908947229385,-0.022566528990864754,-0.030274564400315285,-0.027844825759530067,-0.02372787334024906
78,0.01837855577468872,-0.06375974416732788,0.0,0.5880903005599976,-0.3095506280660629,-0.18877971172332764,0.0,0.2931966483592987,-0.010415510507300496,0.04980795574374497,0.0,0.06511914730072021,0.6579314470291138,0.3818831741809845,0.7492817640304565,0.2993629276752472,0.6731911897659302,0.3746569752693176,0.6486634612083435,0.4042506217956543,0.629298985004425,0.4190092086791992,0.629355788230896,0.41549578309059143,0.55027836561203,0.5401461720466614,0.9224898219108582,0.9138866066932678,0.9011120200157166,0.9211021065711975,0.9061873555183411,0.9419659972190857,0.8636809587478638,0.8963706493377686,0.8555929064750671,0.880303680896759,-0.21581095457077026,-0.2995094358921051,-0.41200771927833557,-0.5453197360038757,-1.1151365041732788,-1.27823007106781,-1.2573305368423462,-1.4226734638214111,-1.259660243988037,-1.444000005722046,-1.131641149520874,-1.297446846961975,0.37525492906570435,0.4073238670825958,0.4367898404598236,0.4548170566558838,0.4601384401321411,0.41778460144996643,0.44380858540534973,0.4375840425491333,0.42672091722488403,0.40037965774536133,0.42931506037712097,0.4217287600040436,0.411547988653183,0.3839535415172577,0.41486692428588867,0.4061104655265808,0.39461657404899597,0.3690100908279419,0.3958602547645569,0.3913239538669586,0.3822582960128784,0.8954554796218872,0.8870518803596497,0.8940333724021912,0.9191165566444397,0.9477884769439697,0.8515770435333252,0.9029121398925781,0.9237711429595947,0.9164567589759827,0.8701015114784241,0.9340828657150269,0.9467081427574158,0.9300171732902527,0.8968469500541687,0.9585664868354797,0.9652469158172607,0.9481859803199768,0.9259787797927856,0.9781001210212708,0.9791964292526245,0.9632942080497742,6.147833886416265e-08,-0.006631598342210054,-0.017608219757676125,-0.027830401435494423,-0.03635352849960327,-0.03387553617358208,-0.047589223831892014,-0.051154471933841705,-0.05213093385100365,-0.03812958300113678,-0.049227941781282425,-0.04498892277479172,-0.043069228529930115,-0.0420231893658638,-0.04869778826832771,-0.03710470348596573,-0.030385367572307587,-0.0468049980700016,-0.04950246959924698,-0.04126156121492386,-0.03645462915301323,0.6791446208953857,0.635400116443634,0.6027634143829346,0.5819337964057922,0.5822896957397461,0.622431218624115,0.5913307070732117,0.6020029783248901,0.6129721999168396,0.6444769501686096,0.6093397736549377,0.6197893619537354,0.6310213208198547,0.6633796691894531,0.6288862228393555,0.636432945728302,0.6475889086723328,0.6781391501426697,0.6489615440368652,0.6515296101570129,0.6618912816047668,0.9519782662391663,0.9368890523910522,0.9059078693389893,0.8996878266334534,0.9176912903785706,0.8201227784156799,0.8795018792152405,0.9093764424324036,0.9051469564437866,0.8326543569564819,0.9042682647705078,0.9286838173866272,0.9169571995735168,0.8609247207641602,0.9299236536026001,0.9477013945579529,0.9339203834533691,0.8984173536300659,0.9437435865402222,0.9567365050315857,0.9472953677177429,-2.2576645619665214e-07,-0.007876169867813587,-0.01770525425672531,-0.02737126313149929,-0.036468781530857086,-0.021405814215540886,-0.03404705598950386,-0.038572754710912704,-0.041154056787490845,-0.026202302426099777,-0.03847205266356468,-0.03786885738372803,-0.03744696080684662,-0.03145638480782509,-0.043246086686849594,-0.03751794621348381,-0.03283686563372612,-0.037312086671590805,-0.04615936055779457,-0.04252644628286362,-0.0388801246881485
79,0.01690429449081421,-0.06427228450775146,0.0,0.585525631904602,-0.30712172389030457,-0.18675222992897034,0.0,0.28825661540031433,-0.011006883345544338,0.04970638174563646,0.0,0.06458716839551926,0.657914936542511,0.38127997517585754,0.74894118309021,0.2976844906806946,0.6660900115966797,0.3728550970554352,0.6428840756416321,0.40726330876350403,0.6197651028633118,0.4241258502006531,0.6193521618843079,0.41961029171943665,0.5488245487213135,0.5405232310295105,0.9247204065322876,0.9136583805084229,0.9014729261398315,0.9236196875572205,0.9092351198196411,0.9554418325424194,0.8702778220176697,0.9090250730514526,0.8605693578720093,0.8882644772529602,-0.15069319307804108,-0.2403433918952942,-0.35420212149620056,-0.533295750617981,-1.0463846921920776,-1.2621842622756958,-1.1914658546447754,-1.4089316129684448,-1.2002133131027222,-1.417657494544983,-1.0651167631149292,-1.275094747543335,0.3671039342880249,0.4020286798477173,0.441244900226593,0.4650648236274719,0.47003886103630066,0.4260091781616211,0.4557090401649475,0.44632488489151,0.4339296519756317,0.4077344238758087,0.44285547733306885,0.43131670355796814,0.41944095492362976,0.39101606607437134,0.4253898859024048,0.4145309627056122,0.40347984433174133,0.3764359951019287,0.4054194986820221,0.39790600538253784,0.3865926265716553,0.9229555726051331,0.9095426201820374,0.9085601568222046,0.9307662844657898,0.9592617750167847,0.862059473991394,0.9217508435249329,0.9431804418563843,0.9339354634284973,0.882306694984436,0.9530286192893982,0.9639468193054199,0.9470977783203125,0.911636233329773,0.9763943552970886,0.9793596267700195,0.9623736143112183,0.9449188709259033,0.9918605089187622,0.9891565442085266,0.9734911322593689,2.388444109158172e-09,-0.006528076250106096,-0.015245220623910427,-0.023015471175312996,-0.029332425445318222,-0.030361758545041084,-0.040610093623399734,-0.04148242250084877,-0.04184580594301224,-0.034841328859329224,-0.04295484721660614,-0.038046542555093765,-0.03607847914099693,-0.03897751495242119,-0.04417852684855461,-0.03615805506706238,-0.03250284865498543,-0.04388895630836487,-0.04555951803922653,-0.03965891897678375,-0.03690587356686592,0.6752644181251526,0.6353508830070496,0.6007038354873657,0.5784263014793396,0.5745980739593506,0.6151430606842041,0.5863959193229675,0.5909045338630676,0.6015722751617432,0.6356470584869385,0.6034604907035828,0.6089019179344177,0.6180207133293152,0.6550741791725159,0.6220934391021729,0.6243357062339783,0.633369505405426,0.6712774038314819,0.644534707069397,0.6387976408004761,0.6405279636383057,0.9393307566642761,0.923529326915741,0.9100052714347839,0.9164997935295105,0.9432232975959778,0.8405174016952515,0.8934943079948425,0.9277890920639038,0.9355316162109375,0.854844868183136,0.9219323396682739,0.9568626284599304,0.9597176313400269,0.8823750615119934,0.9464007019996643,0.972669780254364,0.9719158411026001,0.9170419573783875,0.9602567553520203,0.9813544750213623,0.9850205779075623,-2.5288616711804934e-07,-0.005433041602373123,-0.014624160714447498,-0.023468513041734695,-0.033056650310754776,-0.027084264904260635,-0.039179276674985886,-0.04328251630067825,-0.04536532983183861,-0.03183314576745033,-0.040659841150045395,-0.038645051419734955,-0.03859468176960945,-0.03640264645218849,-0.04584216699004173,-0.04092297703027725,-0.03791213035583496,-0.041055433452129364,-0.04961887374520302,-0.047590743750333786,-0.0459434948861599
80,0.017237961292266846,-0.06345361471176147,0.0,0.5858370065689087,-0.30650652945041656,-0.18584057688713074,0.0,0.28870686888694763,-0.010870118392631412,0.050891300896182656,0.0,0.06421438604593277,0.6577626466751099,0.3810064196586609,0.7487375736236572,0.29757800698280334,0.6647801995277405,0.377370685338974,0.64151531457901,0.41594067215919495,0.6135882139205933,0.43671318888664246,0.6128093004226685,0.43084174394607544,0.5479254126548767,0.5412998199462891,0.9186137914657593,0.9137642979621887,0.9071722030639648,0.9333367347717285,0.9321900010108948,0.9817088842391968,0.9026762843132019,0.9356358051300049,0.8913677930831909,0.9130414724349976,-0.13930021226406097,-0.16221733391284943,-0.3563096225261688,-0.40158769488334656,-1.0271726846694946,-1.0785900354385376,-1.1703258752822876,-1.2153569459915161,-1.182608962059021,-1.226593255996704,-1.0461527109146118,-1.0936262607574463,0.3789825141429901,0.40996161103248596,0.44690263271331787,0.47345080971717834,0.4866713285446167,0.43670207262039185,0.47124406695365906,0.4585552215576172,0.44537198543548584,0.4209081828594208,0.45622551441192627,0.4450080096721649,0.43223729729652405,0.40539973974227905,0.43948453664779663,0.4307844936847687,0.41899746656417847,0.39189884066581726,0.4169422686100006,0.4136072099208832,0.40673714876174927,0.9270119667053223,0.9203304648399353,0.9269552826881409,0.9514111876487732,0.9799280166625977,0.8872507810592651,0.9466155767440796,0.9599459171295166,0.9497538805007935,0.9076363444328308,0.9712088108062744,0.980320930480957,0.9669345021247864,0.9364075064659119,0.9974011778831482,1.0051617622375488,0.9937195181846619,0.9684330224990845,1.010742425918579,1.0185372829437256,1.0138249397277832,-1.0125791050086264e-07,-0.0021217057947069407,-0.008446959778666496,-0.015098539181053638,-0.019404059275984764,-0.02173268422484398,-0.033739592880010605,-0.036186642944812775,-0.035584017634391785,-0.026692045852541924,-0.03616250306367874,-0.032814592123031616,-0.030089743435382843,-0.03163827210664749,-0.0377468504011631,-0.029512356966733932,-0.023927798494696617,-0.036903176456689835,-0.03990820795297623,-0.03494220972061157,-0.031759317964315414,0.6512013077735901,0.6228208541870117,0.5919932126998901,0.5708280801773071,0.5626490116119385,0.6084680557250977,0.5794311761856079,0.5795397162437439,0.5877680778503418,0.6290335655212402,0.596147358417511,0.5976543426513672,0.6067200899124146,0.6467288732528687,0.6133298277854919,0.6152573823928833,0.6237084269523621,0.661302924156189,0.636808454990387,0.6341794729232788,0.6382043957710266,0.9094151854515076,0.8958824872970581,0.9049422740936279,0.9372501969337463,0.9732279181480408,0.8663660883903503,0.9247586727142334,0.9574363231658936,0.9687142372131348,0.8852851986885071,0.9513992667198181,0.9751166105270386,0.9741572141647339,0.9114575982093811,0.9779519438743591,0.9905757904052734,0.9817665815353394,0.9415168166160583,0.9906826019287109,0.9981846213340759,0.9898576736450195,-7.164670989823207e-08,-0.007194257341325283,-0.01576913334429264,-0.02184383012354374,-0.02901340089738369,-0.03564631938934326,-0.046323295682668686,-0.04905487969517708,-0.0493207648396492,-0.03657226264476776,-0.0446220338344574,-0.04333629086613655,-0.043323468416929245,-0.0363009013235569,-0.04310065880417824,-0.03707592189311981,-0.03339444473385811,-0.03593585640192032,-0.04329773783683777,-0.03985900431871414,-0.037083469331264496
81,0.014282286167144775,-0.06548577547073364,0.0,0.5837181806564331,-0.3040359765291214,-0.18226057291030884,0.0,0.2822641432285309,-0.007401421200484037,0.051779469940811396,0.0,0.06457023322582245,0.6577473282814026,0.3803880512714386,0.7486989498138428,0.29659950733184814,0.6619349718093872,0.3883003294467926,0.6377730965614319,0.4322753846645355,0.6089707612991333,0.4534122347831726,0.608951985836029,0.44489917159080505,0.5467224717140198,0.5415898561477661,0.9185007810592651,0.9119705557823181,0.9471796751022339,0.954996645450592,0.9918320178985596,1.0244415998458862,0.9522035717964172,0.9739358425140381,0.9378785490989685,0.9512108564376831,-0.1434408277273178,-0.17897149920463562,-0.3545781373977661,-0.4115390181541443,-0.9812788367271423,-1.0368266105651855,-1.1213374137878418,-1.1743749380111694,-1.1355035305023193,-1.1844158172607422,-1.0008035898208618,-1.0503815412521362,0.0,0.0,0.0,0.0,0.0,0.0,0.0,0.0,0.0,0.0,0.0,0.0,0.0,0.0,0.0,0.0,0.0,0.0,0.0,0.0,0.0,0.0,0.0,0.0,0.0,0.0,0.0,0.0,0.0,0.0,0.0,0.0,0.0,0.0,0.0,0.0,0.0,0.0,0.0,0.0,0.0,0.0,0.0,0.0,0.0,0.0,0.0,0.0,0.0,0.0,0.0,0.0,0.0,0.0,0.0,0.0,0.0,0.0,0.0,0.0,0.0,0.0,0.0,0.6440860033035278,0.61861652135849,0.5892649292945862,0.5666592717170715,0.5586682558059692,0.602855384349823,0.56881183385849,0.5677971243858337,0.5755531191825867,0.6213393211364746,0.5863394737243652,0.5849568247795105,0.5931183695793152,0.6380665302276611,0.6049579977989197,0.6021376848220825,0.6073631048202515,0.6525233387947083,0.6311538219451904,0.6271684765815735,0.6298337578773499,0.9377327561378479,0.9268812537193298,0.9329699277877808,0.9615333676338196,0.9906374216079712,0.8984077572822571,0.9459453225135803,0.9767765998840332,0.9884222745895386,0.9153988361358643,0.9712696671485901,1.0001928806304932,1.0084420442581177,0.9398784637451172,0.9974835515022278,1.027579665184021,1.0403403043746948,0.9670076370239258,1.0158920288085938,1.0409162044525146,1.0549967288970947,-9.753580343385693e-08,-0.0017820365028455853,-0.007314534857869148,-0.011219635605812073,-0.01608208380639553,-0.029692327603697777,-0.039685532450675964,-0.04201477766036987,-0.0414770245552063,-0.03202998265624046,-0.03923051059246063,-0.03761443868279457,-0.03698631376028061,-0.03296557441353798,-0.0376509428024292,-0.03342154622077942,-0.03123527765274048,-0.03321589529514313,-0.03701008856296539,-0.03403725102543831,-0.032130781561136246
82,0.016308367252349854,-0.06351840496063232,0.0,0.5793678164482117,-0.2991250902414322,-0.1802474856376648,0.0,0.2785278260707855,-0.007439262233674526,0.051816069055348635,0.0,0.06372970342636108,0.6574198603630066,0.37931445240974426,0.7475849986076355,0.2959655523300171,0.6495616436004639,0.4051297903060913,0.6250994205474854,0.452675998210907,0.5922518372535706,0.46550247073173523,0.593357503414154,0.4567430913448334,0.5472250580787659,0.538794219493866,0.9179520010948181,0.9094863533973694,0.971508800983429,0.9875994920730591,1.0231367349624634,1.0705158710479736,0.9851268529891968,1.0060200691223145,0.9663819670677185,0.980870246887207,-0.14340369403362274,-0.1875009834766388,-0.3165324926376343,-0.36550503969192505,-0.8720900416374207,-0.8777998089790344,-1.0038994550704956,-1.0010465383529663,-1.0192116498947144,-1.0144308805465698,-0.8911646604537964,-0.8899141550064087,0.0,0.0,0.0,0.0,0.0,0.0,0.0,0.0,0.0,0.0,0.0,0.0,0.0,0.0,0.0,0.0,0.0,0.0,0.0,0.0,0.0,0.0,0.0,0.0,0.0,0.0,0.0,0.0,0.0,0.0,0.0,0.0,0.0,0.0,0.0,0.0,0.0,0.0,0.0,0.0,0.0,0.0,0.0,0.0,0.0,0.0,0.0,0.0,0.0,0.0,0.0,0.0,0.0,0.0,0.0,0.0,0.0,0.0,0.0,0.0,0.0,0.0,0.0,0.0,0.0,0.0,0.0,0.0,0.0,0.0,0.0,0.0,0.0,0.0,0.0,0.0,0.0,0.0,0.0,0.0,0.0,0.0,0.0,0.0,0.0,0.0,0.0,0.0,0.0,0.0,0.0,0.0,0.0,0.0,0.0,0.0,0.0,0.0,0.0,0.0,0.0,0.0,0.0,0.0,0.0,0.0,0.0,0.0,0.0,0.0,0.0,0.0,0.0,0.0,0.0,0.0,0.0,0.0,0.0,0.0,0.0,0.0,0.0,0.0,0.0,0.0
83,0.01695728302001953,-0.06212398409843445,0.0,0.5748176574707031,-0.29777877032756805,-0.17790532112121582,0.0,0.2775783836841583,-0.004944002605043352,0.05302625393960625,0.0,0.06382803618907928,0.6557451486587524,0.3772972822189331,0.7449237704277039,0.2946295440196991,0.6473707556724548,0.402462899684906,0.6266581416130066,0.44233113527297974,0.5922786593437195,0.46168252825737,0.5949710607528687,0.4494694173336029,0.5476149320602417,0.5348095893859863,0.9181450605392456,0.9077903628349304,1.0051242113113403,1.0220792293548584,1.0858052968978882,1.103775978088379,1.0037802457809448,1.0293132066726685,0.9803289175033569,1.0027070045471191,-0.1447736769914627,-0.19181552529335022,-0.27034851908683777,-0.3081526458263397,-0.7811609506607056,-0.7805461883544922,-0.9043447971343994,-0.8995126485824585,-0.9245456457138062,-0.9216894507408142,-0.8025773167610168,-0.7962545156478882,0.0,0.0,0.0,0.0,0.0,0.0,0.0,0.0,0.0,0.0,0.0,0.0,0.0,0.0,0.0,0.0,0.0,0.0,0.0,0.0,0.0,0.0,0.0,0.0,0.0,0.0,0.0,0.0,0.0,0.0,0.0,0.0,0.0,0.0,0.0,0.0,0.0,0.0,0.0,0.0,0.0,0.0,0.0,0.0,0.0,0.0,0.0,0.0,0.0,0.0,0.0,0.0,0.0,0.0,0.0,0.0,0.0,0.0,0.0,0.0,0.0,0.0,0.0,0.0,0.0,0.0,0.0,0.0,0.0,0.0,0.0,0.0,0.0,0.0,0.0,0.0,0.0,0.0,0.0,0.0,0.0,0.0,0.0,0.0,0.0,0.0,0.0,0.0,0.0,0.0,0.0,0.0,0.0,0.0,0.0,0.0,0.0,0.0,0.0,0.0,0.0,0.0,0.0,0.0,0.0,0.0,0.0,0.0,0.0,0.0,0.0,0.0,0.0,0.0,0.0,0.0,0.0,0.0,0.0,0.0,0.0,0.0,0.0,0.0,0.0,0.0
84,0.015450477600097656,-0.06400591135025024,0.0,0.5739871859550476,-0.29992425441741943,-0.17894598841667175,0.0,0.27657878398895264,-0.005291570560075343,0.051984937279485166,0.0,0.06390149891376495,0.6543228030204773,0.37564727663993835,0.7418398261070251,0.29451102018356323,0.6464664936065674,0.3974808156490326,0.6278252005577087,0.43769949674606323,0.5944196581840515,0.45434147119522095,0.5972190499305725,0.44396355748176575,0.5480142831802368,0.5327156782150269,0.9183833599090576,0.9037314057350159,1.0424401760101318,1.0495210886001587,1.116416573524475,1.1330326795578003,1.0302486419677734,1.0572214126586914,1.0024389028549194,1.0272011756896973,-0.17686554789543152,-0.22916251420974731,-0.22739927470684052,-0.2500643730163574,-0.6644464135169983,-0.6551039218902588,-0.7713022828102112,-0.7640780806541443,-0.8000155091285706,-0.8005819916725159,-0.6879538893699646,-0.6758536100387573,0.0,0.0,0.0,0.0,0.0,0.0,0.0,0.0,0.0,0.0,0.0,0.0,0.0,0.0,0.0,0.0,0.0,0.0,0.0,0.0,0.0,0.0,0.0,0.0,0.0,0.0,0.0,0.0,0.0,0.0,0.0,0.0,0.0,0.0,0.0,0.0,0.0,0.0,0.0,0.0,0.0,0.0,0.0,0.0,0.0,0.0,0.0,0.0,0.0,0.0,0.0,0.0,0.0,0.0,0.0,0.0,0.0,0.0,0.0,0.0,0.0,0.0,0.0,0.0,0.0,0.0,0.0,0.0,0.0,0.0,0.0,0.0,0.0,0.0,0.0,0.0,0.0,0.0,0.0,0.0,0.0,0.0,0.0,0.0,0.0,0.0,0.0,0.0,0.0,0.0,0.0,0.0,0.0,0.0,0.0,0.0,0.0,0.0,0.0,0.0,0.0,0.0,0.0,0.0,0.0,0.0,0.0,0.0,0.0,0.0,0.0,0.0,0.0,0.0,0.0,0.0,0.0,0.0,0.0,0.0,0.0,0.0,0.0,0.0,0.0,0.0
85,0.014823317527770996,-0.06352448463439941,0.0,0.5739182829856873,-0.30025286972522736,-0.17940828204154968,0.0,0.2760479152202606,-0.008122059982270002,0.05132089229300618,0.0,0.06271634995937347,0.6530320048332214,0.37473633885383606,0.7401430010795593,0.29452943801879883,0.6483635306358337,0.397219717502594,0.6285850405693054,0.4172491431236267,0.5974072217941284,0.44143790006637573,0.5997803211212158,0.43595364689826965,0.5477998852729797,0.5319257378578186,0.9162370562553406,0.8934362530708313,1.0521540641784668,1.0570670366287231,1.1258167028427124,1.1467045545578003,1.0450290441513062,1.0786854028701782,1.0133305788040161,1.0430470705032349,-0.19577549397945404,-0.24182285368442535,-0.1671973615884781,-0.156312957406044,-0.5575287938117981,-0.4881083369255066,-0.6587083339691162,-0.5864362120628357,-0.6951001882553101,-0.6339184045791626,-0.5831655263900757,-0.5112783908843994,0.0,0.0,0.0,0.0,0.0,0.0,0.0,0.0,0.0,0.0,0.0,0.0,0.0,0.0,0.0,0.0,0.0,0.0,0.0,0.0,0.0,0.0,0.0,0.0,0.0,0.0,0.0,0.0,0.0,0.0,0.0,0.0,0.0,0.0,0.0,0.0,0.0,0.0,0.0,0.0,0.0,0.0,0.0,0.0,0.0,0.0,0.0,0.0,0.0,0.0,0.0,0.0,0.0,0.0,0.0,0.0,0.0,0.0,0.0,0.0,0.0,0.0,0.0,0.0,0.0,0.0,0.0,0.0,0.0,0.0,0.0,0.0,0.0,0.0,0.0,0.0,0.0,0.0,0.0,0.0,0.0,0.0,0.0,0.0,0.0,0.0,0.0,0.0,0.0,0.0,0.0,0.0,0.0,0.0,0.0,0.0,0.0,0.0,0.0,0.0,0.0,0.0,0.0,0.0,0.0,0.0,0.0,0.0,0.0,0.0,0.0,0.0,0.0,0.0,0.0,0.0,0.0,0.0,0.0,0.0,0.0,0.0,0.0,0.0,0.0,0.0
86,0.015731483697891235,-0.0630938708782196,0.0,0.5707238912582397,-0.2968655526638031,-0.177800714969635,0.0,0.273346483707428,-0.006410082045476884,0.05178832198726013,0.0,0.06348546594381332,0.651874303817749,0.3735121786594391,0.7354543805122375,0.29405906796455383,0.6472163796424866,0.39208224415779114,0.6259811520576477,0.41299402713775635,0.5980522036552429,0.4342370331287384,0.6010664105415344,0.42906275391578674,0.5477352738380432,0.5291708707809448,0.9134029150009155,0.8882797956466675,1.0512001514434814,1.0527336597442627,1.129626750946045,1.1451994180679321,1.0478265285491943,1.0778608322143555,1.015863060951233,1.0377289056777954,-0.2115447223186493,-0.2659876048564911,-0.17313499748706818,-0.17751194536685944,-0.5588384866714478,-0.5007129311561584,-0.6578107476234436,-0.5975522994995117,-0.6956941485404968,-0.6439472436904907,-0.5844501852989197,-0.5232930779457092,0.0,0.0,0.0,0.0,0.0,0.0,0.0,0.0,0.0,0.0,0.0,0.0,0.0,0.0,0.0,0.0,0.0,0.0,0.0,0.0,0.0,0.0,0.0,0.0,0.0,0.0,0.0,0.0,0.0,0.0,0.0,0.0,0.0,0.0,0.0,0.0,0.0,0.0,0.0,0.0,0.0,0.0,0.0,0.0,0.0,0.0,0.0,0.0,0.0,0.0,0.0,0.0,0.0,0.0,0.0,0.0,0.0,0.0,0.0,0.0,0.0,0.0,0.0,0.0,0.0,0.0,0.0,0.0,0.0,0.0,0.0,0.0,0.0,0.0,0.0,0.0,0.0,0.0,0.0,0.0,0.0,0.0,0.0,0.0,0.0,0.0,0.0,0.0,0.0,0.0,0.0,0.0,0.0,0.0,0.0,0.0,0.0,0.0,0.0,0.0,0.0,0.0,0.0,0.0,0.0,0.0,0.0,0.0,0.0,0.0,0.0,0.0,0.0,0.0,0.0,0.0,0.0,0.0,0.0,0.0,0.0,0.0,0.0,0.0,0.0,0.0
87,0.014922648668289185,-0.06324565410614014,0.0,0.5697644948959351,-0.3000687509775162,-0.17667391896247864,0.0,0.2768935561180115,-0.004057079408084974,0.0534734028915409,0.0,0.06289077550172806,0.6507991552352905,0.37222322821617126,0.7326661944389343,0.29377496242523193,0.6471707224845886,0.3832666575908661,0.6252095103263855,0.4089720845222473,0.5990740060806274,0.4308924376964569,0.6021457314491272,0.42437902092933655,0.5478222966194153,0.528627872467041,0.9113149046897888,0.8857542872428894,1.0591025352478027,1.0591983795166016,1.1387516260147095,1.1531401872634888,1.0660667419433594,1.095213770866394,1.0276082754135132,1.0616456270217896,-0.2210683971643448,-0.2656998038291931,-0.1670878380537033,-0.15886536240577698,-0.5210831165313721,-0.4732120633125305,-0.6135736703872681,-0.5665319561958313,-0.6528632640838623,-0.6140497922897339,-0.5461403727531433,-0.4961732029914856,0.0,0.0,0.0,0.0,0.0,0.0,0.0,0.0,0.0,0.0,0.0,0.0,0.0,0.0,0.0,0.0,0.0,0.0,0.0,0.0,0.0,0.0,0.0,0.0,0.0,0.0,0.0,0.0,0.0,0.0,0.0,0.0,0.0,0.0,0.0,0.0,0.0,0.0,0.0,0.0,0.0,0.0,0.0,0.0,0.0,0.0,0.0,0.0,0.0,0.0,0.0,0.0,0.0,0.0,0.0,0.0,0.0,0.0,0.0,0.0,0.0,0.0,0.0,0.0,0.0,0.0,0.0,0.0,0.0,0.0,0.0,0.0,0.0,0.0,0.0,0.0,0.0,0.0,0.0,0.0,0.0,0.0,0.0,0.0,0.0,0.0,0.0,0.0,0.0,0.0,0.0,0.0,0.0,0.0,0.0,0.0,0.0,0.0,0.0,0.0,0.0,0.0,0.0,0.0,0.0,0.0,0.0,0.0,0.0,0.0,0.0,0.0,0.0,0.0,0.0,0.0,0.0,0.0,0.0,0.0,0.0,0.0,0.0,0.0,0.0,0.0
88,0.015032261610031128,-0.06302717328071594,0.0,0.5679266452789307,-0.29986879229545593,-0.17696431279182434,0.0,0.27460259199142456,-0.005153584643267095,0.05183031607884914,0.0,0.06272033601999283,0.6498392224311829,0.37094852328300476,0.7316816449165344,0.29355981945991516,0.6477535963058472,0.37540966272354126,0.626055121421814,0.4043351709842682,0.5997633337974548,0.4269053637981415,0.6025356650352478,0.42035973072052,0.5479317307472229,0.5284643173217773,0.9102544188499451,0.8840590119361877,1.0700798034667969,1.0775425434112549,1.139535665512085,1.173454999923706,1.0829740762710571,1.1207435131072998,1.0400502681732178,1.0879768133163452,-0.214772567152977,-0.25935590267181396,-0.1581602692604065,-0.1396719515323639,-0.5079869627952576,-0.46317705512046814,-0.600637674331665,-0.5573483109474182,-0.6416123509407043,-0.6071138978004456,-0.5338178277015686,-0.48761531710624695,0.0,0.0,0.0,0.0,0.0,0.0,0.0,0.0,0.0,0.0,0.0,0.0,0.0,0.0,0.0,0.0,0.0,0.0,0.0,0.0,0.0,0.0,0.0,0.0,0.0,0.0,0.0,0.0,0.0,0.0,0.0,0.0,0.0,0.0,0.0,0.0,0.0,0.0,0.0,0.0,0.0,0.0,0.0,0.0,0.0,0.0,0.0,0.0,0.0,0.0,0.0,0.0,0.0,0.0,0.0,0.0,0.0,0.0,0.0,0.0,0.0,0.0,0.0,0.0,0.0,0.0,0.0,0.0,0.0,0.0,0.0,0.0,0.0,0.0,0.0,0.0,0.0,0.0,0.0,0.0,0.0,0.0,0.0,0.0,0.0,0.0,0.0,0.0,0.0,0.0,0.0,0.0,0.0,0.0,0.0,0.0,0.0,0.0,0.0,0.0,0.0,0.0,0.0,0.0,0.0,0.0,0.0,0.0,0.0,0.0,0.0,0.0,0.0,0.0,0.0,0.0,0.0,0.0,0.0,0.0,0.0,0.0,0.0,0.0,0.0,0.0
